3 0.206972 0.204052 0.177560 0.218524
3 0.772603 0.281114 0.192266 0.274240
3 0.771514 0.279667 0.192266 0.274240
3 0.768791 0.702967 0.155229 0.258321
3 0.506536 0.610709 0.159041 0.176556
3 0.206155 0.459479 0.150871 0.164978
3 0.582244 0.869030 0.149237 0.175109
3 0.408497 0.874819 0.149237 0.175109
3 0.284314 0.678726 0.120915 0.138929
3 0.121460 0.680174 0.122004 0.136035
4 0.206699 0.146889 0.143246 0.047757
4 0.409586 0.815123 0.138344 0.042692
4 0.768519 0.597323 0.128540 0.041245
4 0.505447 0.550289 0.148148 0.049928
4 0.766885 0.178003 0.164488 0.041968
4 0.205338 0.396889 0.149237 0.035456
4 0.205338 0.395803 0.149237 0.036179
4 0.287582 0.634226 0.117647 0.041245
4 0.122004 0.636397 0.119826 0.042692
4 0.578431 0.815485 0.129630 0.044863
5 0.206427 0.208394 0.150327 0.078148
5 0.205882 0.451158 0.144880 0.080318
5 0.504902 0.613242 0.145969 0.077424
5 0.767157 0.234443 0.162854 0.082489
5 0.410675 0.865774 0.136166 0.065847
5 0.769063 0.668234 0.127451 0.103473
5 0.578431 0.863603 0.128540 0.058611
6 0.768791 0.336107 0.162854 0.120839
6 0.767429 0.767728 0.129630 0.099855
6 0.767702 0.334660 0.162854 0.120839
6 0.206972 0.515557 0.151416 0.052822
6 0.504902 0.674385 0.149237 0.046310
6 0.407952 0.924023 0.136166 0.054993
6 0.122277 0.719247 0.119281 0.044863
6 0.577614 0.920405 0.129085 0.054993
6 0.207789 0.278220 0.144336 0.065847
7 0.658769 0.178365 0.039760 0.041245
7 0.659858 0.307887 0.034314 0.042692
7 0.304194 0.367221 0.039760 0.041245
7 0.539216 0.506512 0.029412 0.036179
7 0.305556 0.445731 0.028322 0.034732
7 0.413126 0.595876 0.032135 0.034009
