3 0.119174 0.462662 0.190413 0.194805
3 0.805593 0.101461 0.197071 0.112013
3 0.807590 0.333604 0.225033 0.115260
3 0.803595 0.527597 0.195739 0.129870
3 0.802264 0.784091 0.201065 0.198052
3 0.541944 0.668019 0.167776 0.183442
3 0.545273 0.464286 0.166445 0.139610
3 0.572570 0.275974 0.202397 0.100649
3 0.444740 0.103896 0.162450 0.113636
3 0.312916 0.305195 0.173103 0.198052
3 0.308921 0.562500 0.170439 0.206169
4 0.114514 0.383929 0.170439 0.024351
4 0.312916 0.226461 0.162450 0.027597
4 0.314248 0.491883 0.159787 0.025974
4 0.543276 0.602273 0.149134 0.025974
4 0.803595 0.482955 0.179760 0.027597
4 0.803595 0.715097 0.177097 0.027597
4 0.444740 0.064935 0.154461 0.025974
4 0.571904 0.243506 0.187750 0.025974
4 0.546605 0.417208 0.153129 0.035714
4 0.806924 0.066558 0.191744 0.029221
4 0.804261 0.295455 0.202397 0.022727
5 0.114514 0.434253 0.173103 0.069805
5 0.574567 0.274351 0.185087 0.038961
5 0.444740 0.105519 0.159787 0.058442
5 0.543941 0.464286 0.150466 0.074675
5 0.541278 0.669643 0.145140 0.108766
5 0.314913 0.568994 0.155792 0.125000
5 0.314913 0.293831 0.158455 0.110390
5 0.547936 0.468344 0.155792 0.069805
5 0.806258 0.774351 0.179760 0.094156
5 0.804261 0.531656 0.183755 0.073052
5 0.805593 0.096591 0.186418 0.043831
5 0.802929 0.335227 0.199734 0.056818
6 0.116511 0.512987 0.174434 0.087662
6 0.312250 0.375812 0.161119 0.060065
6 0.542610 0.511364 0.153129 0.032468
6 0.312916 0.641234 0.157124 0.022727
6 0.444075 0.145292 0.161119 0.027597
6 0.569907 0.306006 0.183755 0.024351
6 0.541278 0.732955 0.145140 0.024351
6 0.804927 0.835227 0.177097 0.034091
6 0.804261 0.581169 0.183755 0.019481
6 0.807590 0.376623 0.203728 0.022727
6 0.805593 0.137987 0.181092 0.035714
7 0.087217 0.607955 0.030626 0.040584
7 0.436085 0.695617 0.030626 0.040584
7 0.085220 0.339286 0.026631 0.045455
7 0.418109 0.591721 0.015979 0.030844
7 0.419441 0.546266 0.034621 0.027597
7 0.442743 0.458604 0.025300 0.043831
7 0.210386 0.280844 0.026631 0.045455
7 0.290945 0.430195 0.022636 0.032468
7 0.649800 0.601461 0.037284 0.027597
7 0.657790 0.804383 0.037284 0.027597
7 0.778961 0.415584 0.029294 0.035714
7 0.781625 0.188312 0.029294 0.035714
7 0.777630 0.620130 0.029294 0.035714
7 0.782956 0.672078 0.029294 0.035714
7 0.681758 0.048701 0.029294 0.035714
