3 0.093750 0.160000 0.173611 0.310000
3 0.702546 0.116250 0.173611 0.217500
3 0.732639 0.650000 0.173611 0.225000
3 0.395833 0.793750 0.226852 0.267500
3 0.400463 0.203750 0.217593 0.322500
3 0.105324 0.825000 0.206019 0.205000
3 0.099537 0.486250 0.185185 0.297500
3 0.908565 0.285000 0.182870 0.440000
4 0.092593 0.032500 0.166667 0.050000
4 0.399306 0.073750 0.206019 0.047500
4 0.101852 0.753750 0.189815 0.037500
4 0.094907 0.367500 0.171296 0.050000
4 0.399306 0.691250 0.210648 0.057500
4 0.910880 0.091250 0.178241 0.052500
4 0.704861 0.043750 0.164352 0.057500
4 0.732639 0.568750 0.164352 0.052500
5 0.091435 0.133750 0.168981 0.162500
5 0.913194 0.133750 0.173611 0.037500
5 0.733796 0.612500 0.157407 0.040000
5 0.097222 0.488750 0.175926 0.192500
5 0.398148 0.162500 0.208333 0.130000
5 0.400463 0.750000 0.203704 0.070000
6 0.092593 0.263750 0.166667 0.102500
6 0.395833 0.846250 0.199074 0.127500
6 0.733796 0.695000 0.162037 0.125000
6 0.914352 0.326250 0.171296 0.342500
6 0.104167 0.866250 0.199074 0.097500
6 0.703704 0.156250 0.157407 0.097500
6 0.401620 0.295000 0.210648 0.130000
7 0.664352 0.815000 0.055556 0.055000
