3 0.512774 0.127660 0.229927 0.188830
3 0.477494 0.878989 0.261557 0.106383
3 0.148418 0.863032 0.265207 0.117021
3 0.360706 0.652926 0.249392 0.159574
3 0.718978 0.515293 0.209246 0.131649
3 0.234185 0.390957 0.298054 0.234043
3 0.864964 0.332447 0.216545 0.103723
4 0.232360 0.309840 0.270073 0.039894
4 0.470195 0.856383 0.237226 0.039894
4 0.720195 0.468750 0.199513 0.033245
4 0.362530 0.601729 0.240876 0.035904
4 0.512165 0.073138 0.201946 0.039894
4 0.147810 0.847074 0.246959 0.042553
4 0.864355 0.311170 0.200730 0.039894
5 0.232360 0.348404 0.270073 0.037234
5 0.718978 0.525266 0.194647 0.077128
5 0.512774 0.123670 0.195864 0.063830
5 0.362530 0.654920 0.231144 0.062500
6 0.469586 0.898271 0.233577 0.057181
6 0.147202 0.888963 0.250608 0.049202
6 0.361314 0.706782 0.238443 0.057181
6 0.862530 0.353723 0.201946 0.047872
6 0.514599 0.182846 0.197080 0.062500
6 0.232360 0.429521 0.270073 0.130319
