3 0.127059 0.375173 0.237647 0.220527
3 0.470000 0.040222 0.090588 0.077670
3 0.269412 0.722607 0.237647 0.188627
3 0.415882 0.443135 0.163529 0.140083
3 0.687647 0.230929 0.175294 0.092926
3 0.507059 0.232316 0.167059 0.084605
3 0.334706 0.234397 0.163529 0.085992
3 0.877059 0.840499 0.184706 0.230236
3 0.847647 0.428571 0.304706 0.282940
3 0.257059 0.963245 0.142353 0.073509
3 0.418235 0.933426 0.182353 0.108183
3 0.603529 0.778086 0.244706 0.213592
3 0.102941 0.963245 0.142353 0.073509
3 0.058235 0.876560 0.107059 0.077670
4 0.267647 0.648405 0.224706 0.026352
4 0.415882 0.401526 0.156471 0.026352
4 0.127059 0.287795 0.228235 0.015257
4 0.336471 0.208044 0.162353 0.027739
4 0.252941 0.942441 0.129412 0.026352
4 0.055294 0.851595 0.105882 0.024965
4 0.101176 0.943135 0.129412 0.027739
4 0.412941 0.902913 0.178824 0.024965
4 0.509412 0.210125 0.164706 0.026352
4 0.684706 0.208044 0.162353 0.027739
4 0.847647 0.299584 0.292941 0.027739
4 0.606471 0.696949 0.224706 0.026352
4 0.879412 0.744799 0.187059 0.024965
4 0.470588 0.015257 0.087059 0.027739
5 0.334706 0.233010 0.158824 0.027739
5 0.845294 0.333564 0.292941 0.045770
5 0.511176 0.233703 0.158824 0.026352
5 0.471176 0.052011 0.088235 0.045770
5 0.128824 0.385576 0.227059 0.169209
5 0.680588 0.230929 0.158824 0.026352
5 0.880000 0.816227 0.178824 0.106796
5 0.416471 0.445215 0.155294 0.066574
5 0.058235 0.876560 0.104706 0.024965
5 0.413529 0.928571 0.177647 0.026352
5 0.269412 0.713592 0.230588 0.106796
5 0.605882 0.742718 0.230588 0.076283
6 0.847059 0.462552 0.294118 0.212205
6 0.267059 0.789875 0.228235 0.045770
6 0.607059 0.825936 0.232941 0.106796
6 0.417647 0.493759 0.157647 0.024965
6 0.878824 0.911234 0.178824 0.088766
6 0.058235 0.900139 0.107059 0.024965
6 0.414706 0.952150 0.175294 0.029126
6 0.257059 0.976422 0.137647 0.036061
6 0.097059 0.977115 0.130588 0.034674
6 0.332941 0.258669 0.164706 0.029126
6 0.683529 0.256588 0.157647 0.024965
6 0.508235 0.259362 0.157647 0.024965
7 0.512353 0.479889 0.017647 0.038835
7 0.269412 0.309986 0.037647 0.037448
7 0.861176 0.593620 0.018824 0.030513
7 0.782941 0.588766 0.017647 0.029126
7 0.685882 0.489598 0.021176 0.038835
7 0.686471 0.316921 0.017647 0.029126
7 0.069412 0.511096 0.037647 0.037448
7 0.049412 0.265603 0.030588 0.026352
7 0.540000 0.046463 0.037647 0.037448
7 0.396471 0.040915 0.037647 0.037448
7 0.408235 0.798197 0.030588 0.026352
7 0.408235 0.688627 0.030588 0.026352
7 0.265294 0.500000 0.038824 0.026352
7 0.940000 0.598474 0.030588 0.026352
7 0.135294 0.785714 0.030588 0.026352
7 0.127059 0.692788 0.030588 0.026352
7 0.530000 0.945908 0.038824 0.027739
7 0.771765 0.943828 0.030588 0.026352
7 0.740000 0.838419 0.030588 0.026352
7 0.477647 0.720527 0.025882 0.026352
7 0.477059 0.797503 0.031765 0.038835
7 0.775882 0.841193 0.024706 0.026352
