3 0.405556 0.357960 0.200000 0.355577
3 0.405303 0.891563 0.191414 0.180648
3 0.878030 0.649905 0.212626 0.113918
3 0.643434 0.663251 0.204040 0.165396
3 0.402273 0.689943 0.198485 0.202574
3 0.140909 0.667779 0.215152 0.149666
3 0.112626 0.414442 0.192929 0.138704
3 0.746465 0.464490 0.209091 0.135844
3 0.745202 0.274071 0.199495 0.181125
3 0.890152 0.067207 0.213636 0.120114
3 0.602778 0.082221 0.206566 0.129171
3 0.112121 0.243804 0.187879 0.139657
4 0.110606 0.198999 0.177778 0.021449
4 0.746970 0.410629 0.177778 0.021449
4 0.401768 0.198999 0.185354 0.023356
4 0.889646 0.029790 0.185354 0.023356
4 0.746465 0.200667 0.180808 0.021926
4 0.110606 0.362965 0.180808 0.024309
4 0.606313 0.029314 0.183333 0.022402
4 0.400505 0.611296 0.180808 0.024309
4 0.140909 0.608913 0.180808 0.024309
4 0.879293 0.611773 0.180808 0.024309
4 0.638889 0.611296 0.180808 0.024309
5 0.109848 0.394900 0.182323 0.044328
5 0.109091 0.226406 0.179798 0.030505
5 0.605556 0.066969 0.183838 0.055767
5 0.141162 0.637989 0.179293 0.032888
5 0.402273 0.341516 0.185354 0.260724
5 0.746970 0.264299 0.185859 0.108198
5 0.403283 0.668732 0.185354 0.100095
5 0.642172 0.648713 0.183333 0.057197
5 0.747980 0.448046 0.182828 0.059104
5 0.879545 0.642755 0.184343 0.043375
5 0.888384 0.060057 0.182828 0.045758
6 0.111111 0.269304 0.179798 0.055291
6 0.748232 0.499762 0.183333 0.046235
6 0.890152 0.098427 0.185354 0.037655
6 0.748485 0.337703 0.187879 0.046235
6 0.605051 0.110820 0.182828 0.033842
6 0.403535 0.497140 0.179798 0.055291
6 0.108586 0.446616 0.179798 0.055291
6 0.878788 0.679695 0.179798 0.030505
6 0.403535 0.748570 0.184848 0.072927
6 0.140657 0.691611 0.183333 0.082936
6 0.642677 0.705434 0.185354 0.058151
4 0.403030 0.821020 0.180808 0.024309
5 0.402778 0.871306 0.185354 0.085796
6 0.405556 0.948522 0.182828 0.072450
7 0.213131 0.227836 0.015152 0.020019
7 0.295455 0.356530 0.015152 0.020019
7 0.287374 0.412297 0.015152 0.020019
7 0.221717 0.412774 0.015152 0.020019
7 0.520707 0.354623 0.015152 0.020019
7 0.627778 0.459962 0.015152 0.020019
7 0.759343 0.371544 0.024747 0.021449
