3 0.439950 0.230035 0.274874 0.425347
3 0.194472 0.575087 0.194975 0.138021
3 0.440452 0.617622 0.200503 0.217882
3 0.697487 0.592014 0.191960 0.182292
3 0.704774 0.889323 0.201508 0.186632
4 0.441709 0.052951 0.260302 0.057292
4 0.194472 0.546441 0.177889 0.061632
4 0.442714 0.547309 0.177889 0.061632
4 0.697990 0.548177 0.177889 0.061632
4 0.703015 0.840712 0.177889 0.061632
5 0.440955 0.206163 0.260804 0.254340
5 0.195226 0.604167 0.175377 0.059028
5 0.442714 0.643229 0.175879 0.138889
5 0.705025 0.917101 0.178894 0.098090
5 0.701256 0.623264 0.179397 0.098958
6 0.442965 0.386719 0.261809 0.096354
