3 0.307325 0.201780 0.328025 0.397626
3 0.870223 0.262611 0.259554 0.519288
3 0.136146 0.775964 0.269108 0.448071
3 0.479299 0.660237 0.321656 0.228487
4 0.307325 0.038576 0.299363 0.065282
4 0.872611 0.037092 0.254777 0.068249
4 0.480096 0.603858 0.275478 0.074184
4 0.132166 0.600890 0.261146 0.086053
5 0.308121 0.186944 0.300955 0.219585
5 0.873408 0.221068 0.253185 0.299703
5 0.482484 0.682493 0.273885 0.083086
5 0.131369 0.731454 0.259554 0.181009
6 0.310510 0.348665 0.299363 0.103858
6 0.873408 0.443620 0.253185 0.139466
6 0.132962 0.905045 0.262739 0.178042
7 0.726911 0.189911 0.033439 0.083086
7 0.490446 0.189911 0.054140 0.065282
