3 0.261873 0.287844 0.184697 0.194954
3 0.490435 0.289564 0.177441 0.177752
3 0.261214 0.524083 0.171504 0.222477
3 0.713061 0.294151 0.188654 0.189220
3 0.726913 0.506307 0.188654 0.189220
3 0.494723 0.545872 0.184697 0.201835
3 0.261873 0.772936 0.184697 0.201835
3 0.485488 0.778670 0.184697 0.201835
3 0.728232 0.783257 0.184697 0.201835
4 0.262203 0.233372 0.165567 0.049312
4 0.490435 0.227064 0.164248 0.041284
4 0.709433 0.231651 0.160290 0.038991
4 0.264512 0.436353 0.166227 0.042431
4 0.724934 0.438647 0.166227 0.042431
4 0.491755 0.473624 0.160290 0.045872
4 0.489776 0.711009 0.160290 0.045872
4 0.262203 0.708716 0.164248 0.045872
4 0.723945 0.709862 0.162929 0.036697
5 0.262863 0.292431 0.162929 0.080275
5 0.711082 0.276376 0.163588 0.055046
5 0.489776 0.277523 0.164248 0.066514
5 0.262863 0.502867 0.164248 0.092890
5 0.492414 0.524656 0.158971 0.060780
5 0.722625 0.480505 0.160290 0.048165
5 0.725264 0.749427 0.160290 0.058486
5 0.490435 0.764335 0.162929 0.067661
5 0.261873 0.766055 0.162269 0.080275
6 0.723945 0.543578 0.162929 0.091743
6 0.490106 0.342317 0.164908 0.063073
6 0.709763 0.337156 0.159631 0.075688
6 0.263193 0.348624 0.159631 0.043578
6 0.489776 0.826261 0.158971 0.063073
6 0.724274 0.815940 0.163588 0.088303
6 0.493734 0.594610 0.161609 0.083716
6 0.261544 0.587156 0.160290 0.075688
6 0.261544 0.835436 0.160290 0.063073
