3 0.481860 0.132454 0.120712 0.159404
3 0.681398 0.618693 0.112137 0.214450
3 0.286939 0.547592 0.113456 0.175459
3 0.482190 0.391628 0.118734 0.219037
3 0.720317 0.374427 0.134565 0.209862
3 0.374670 0.870986 0.113456 0.163991
3 0.486807 0.658830 0.121372 0.214450
4 0.482190 0.075115 0.113456 0.035550
4 0.483509 0.299885 0.105541 0.035550
4 0.375330 0.811353 0.105541 0.035550
4 0.286280 0.486812 0.105541 0.035550
4 0.678760 0.536124 0.105541 0.035550
4 0.487467 0.577408 0.105541 0.035550
4 0.709763 0.296445 0.105541 0.035550
5 0.482190 0.121560 0.112137 0.061927
5 0.375000 0.860092 0.103562 0.061927
5 0.488456 0.642775 0.102243 0.095183
5 0.682058 0.610665 0.101583 0.113532
5 0.288918 0.536697 0.105541 0.057339
5 0.483179 0.364679 0.102243 0.100917
5 0.712731 0.362385 0.100923 0.094037
6 0.480871 0.178326 0.117414 0.058486
6 0.374670 0.918005 0.105541 0.056193
6 0.488456 0.720757 0.100923 0.060780
6 0.681398 0.687500 0.102902 0.044725
6 0.712731 0.437500 0.102243 0.060780
6 0.482850 0.455275 0.102902 0.075688
6 0.286939 0.599771 0.101583 0.066514
7 0.415897 0.352064 0.016491 0.036697
7 0.471306 0.222477 0.016491 0.036697
7 0.551781 0.352064 0.013852 0.034404
7 0.301781 0.658257 0.016491 0.036697
7 0.307718 0.442661 0.016491 0.036697
7 0.390172 0.774083 0.016491 0.036697
7 0.473285 0.542431 0.016491 0.036697
7 0.476253 0.509748 0.011873 0.035550
7 0.548483 0.412844 0.016491 0.036697
7 0.614446 0.589450 0.016491 0.034404
7 0.646768 0.357798 0.013852 0.034404
