0 0.505469 0.481944 0.971875 0.941667
1 0.096094 0.150000 0.043750 0.113889
1 0.097266 0.479167 0.060156 0.133333
1 0.101172 0.718056 0.052344 0.111111
1 0.862500 0.702778 0.035937 0.113889
1 0.879687 0.145139 0.071875 0.131944
2 0.308984 0.159722 0.213281 0.088889
2 0.543359 0.152083 0.219531 0.076389
2 0.428906 0.301389 0.209375 0.083333
2 0.429297 0.450694 0.213281 0.095833
2 0.435937 0.581944 0.192188 0.063889
2 0.468359 0.709722 0.197656 0.094444
2 0.651172 0.627778 0.216406 0.080556
2 0.355078 0.832639 0.314844 0.093056
2 0.640234 0.828472 0.208594 0.087500