3 0.130000 0.131181 0.187143 0.228052
3 0.888929 0.761857 0.179286 0.211907
3 0.889286 0.440464 0.188571 0.214934
3 0.453929 0.293138 0.186429 0.370333
3 0.452500 0.291120 0.186429 0.370333
3 0.129643 0.633703 0.186429 0.488396
3 0.128214 0.631685 0.186429 0.488396
3 0.453214 0.852170 0.187857 0.265388
3 0.452500 0.599899 0.190714 0.206862
4 0.132500 0.052472 0.170714 0.056509
4 0.453214 0.759839 0.170714 0.056509
4 0.889643 0.690212 0.170714 0.056509
4 0.888214 0.373360 0.170714 0.056509
4 0.453214 0.534813 0.170714 0.056509
4 0.452500 0.146317 0.175000 0.060545
4 0.129643 0.426337 0.172143 0.057518
5 0.131429 0.134208 0.177143 0.121090
5 0.132143 0.535822 0.172857 0.179617
5 0.451429 0.852170 0.172857 0.150353
5 0.453571 0.597881 0.174286 0.097881
5 0.888929 0.757820 0.172143 0.092836
5 0.887857 0.437437 0.174286 0.097881
5 0.452143 0.211403 0.172857 0.093845
6 0.453214 0.361251 0.166429 0.207871
6 0.130714 0.740161 0.171429 0.235116
7 0.161071 0.369324 0.046429 0.060545
7 0.331071 0.340061 0.046429 0.060545
7 0.238214 0.112008 0.035000 0.050454
7 0.149643 0.273461 0.032143 0.054490
7 0.244643 0.492432 0.046429 0.060545
7 0.330357 0.197780 0.046429 0.060545
7 0.333214 0.571140 0.046429 0.060545
7 0.236786 0.578204 0.033571 0.046418
7 0.237500 0.721493 0.030714 0.048436
7 0.340000 0.886983 0.035714 0.058527
