3 0.474240 0.168819 0.227202 0.129761
3 0.348016 0.451582 0.193199 0.136217
3 0.114889 0.456101 0.180319 0.138799
3 0.845698 0.523564 0.203503 0.250484
3 0.225914 0.742737 0.194230 0.127179
3 0.856775 0.760491 0.180319 0.173015
3 0.659196 0.912524 0.185987 0.137508
3 0.397991 0.912524 0.185987 0.137508
3 0.109995 0.914461 0.185987 0.137508
4 0.592993 0.366688 0.196806 0.078760
4 0.838485 0.429632 0.188047 0.040671
4 0.348532 0.415429 0.185987 0.045836
4 0.472694 0.137508 0.206595 0.034861
4 0.113086 0.413170 0.177743 0.034861
4 0.591963 0.365397 0.196806 0.078760
4 0.229521 0.709813 0.174652 0.039380
4 0.111540 0.877663 0.174652 0.039380
4 0.401082 0.872498 0.174652 0.039380
4 0.654044 0.872498 0.174652 0.039380
4 0.851623 0.710458 0.154560 0.027760
5 0.471664 0.187540 0.203503 0.066495
5 0.231324 0.762750 0.173107 0.072950
5 0.397733 0.925436 0.178259 0.079406
5 0.652756 0.931246 0.173107 0.072950
5 0.112313 0.929955 0.173107 0.072950
5 0.851108 0.770497 0.155590 0.101356
5 0.230294 0.761459 0.173107 0.072950
6 0.349562 0.475791 0.176713 0.074887
6 0.592736 0.490639 0.195260 0.170433
6 0.838228 0.546159 0.190623 0.197547
7 0.213035 0.457715 0.011850 0.030988
7 0.244462 0.456423 0.011850 0.030988
7 0.535549 0.615236 0.011850 0.030988
7 0.349820 0.744028 0.020608 0.023886
7 0.734415 0.526791 0.011850 0.030988
7 0.710716 0.454810 0.017002 0.034216
7 0.452602 0.453841 0.011850 0.030988
7 0.482741 0.455778 0.018547 0.034861
7 0.594281 0.310846 0.017002 0.030342
7 0.471664 0.247902 0.011850 0.030988
7 0.503606 0.910910 0.011850 0.030988
7 0.654560 0.823757 0.011850 0.030988
7 0.749871 0.758554 0.011850 0.030988
7 0.667955 0.610071 0.011850 0.030988
7 0.553581 0.912847 0.011850 0.030988
7 0.242401 0.912847 0.011850 0.030988
7 0.229006 0.817301 0.011850 0.030988
7 0.367594 0.821821 0.011850 0.030988
