3 0.098148 0.421842 0.191358 0.171306
3 0.904321 0.412206 0.191358 0.241970
3 0.905556 0.700214 0.186420 0.107066
3 0.619136 0.932548 0.188889 0.126338
3 0.361728 0.938972 0.195062 0.117773
3 0.095062 0.931478 0.187654 0.132762
3 0.364198 0.695931 0.204938 0.107066
3 0.620988 0.410064 0.202469 0.344754
3 0.619753 0.052463 0.202469 0.100642
3 0.362963 0.418630 0.195062 0.211991
4 0.095062 0.369379 0.185185 0.032120
4 0.621605 0.892934 0.186420 0.034261
4 0.905556 0.316916 0.186420 0.042827
4 0.618519 0.023555 0.187654 0.042827
4 0.363580 0.908994 0.188889 0.044968
4 0.094444 0.892934 0.186420 0.042827
4 0.621605 0.267666 0.191358 0.038544
4 0.362963 0.336188 0.192593 0.038544
4 0.364198 0.671306 0.187654 0.044968
4 0.907407 0.675589 0.185185 0.036403
5 0.096296 0.434690 0.190123 0.085653
5 0.362963 0.953961 0.187654 0.053533
5 0.906173 0.718415 0.187654 0.057816
5 0.620370 0.933619 0.186420 0.051392
5 0.362963 0.719486 0.185185 0.055675
5 0.906790 0.374732 0.183951 0.085653
5 0.619753 0.340471 0.185185 0.119914
5 0.619136 0.067452 0.193827 0.066381
5 0.361728 0.394004 0.190123 0.085653
5 0.095679 0.952891 0.188889 0.085653
6 0.362963 0.474304 0.185185 0.083512
6 0.620370 0.976445 0.183951 0.047109
6 0.904938 0.471092 0.187654 0.111349
6 0.620988 0.490364 0.185185 0.179872
7 0.208642 0.390792 0.024691 0.044968
7 0.795062 0.446467 0.024691 0.044968
7 0.796296 0.722698 0.024691 0.044968
7 0.685185 0.604925 0.024691 0.044968
7 0.561728 0.598501 0.024691 0.032120
7 0.633333 0.609208 0.024691 0.044968
7 0.606173 0.851178 0.024691 0.044968
7 0.518519 0.958244 0.024691 0.044968
7 0.474074 0.921842 0.024691 0.044968
7 0.482716 0.724839 0.024691 0.044968
7 0.377778 0.769807 0.024691 0.044968
7 0.352469 0.856531 0.020988 0.051392
7 0.735185 0.384368 0.016049 0.044968
7 0.601235 0.223769 0.024691 0.044968
7 0.637037 0.123126 0.024691 0.044968
7 0.514815 0.435760 0.024691 0.044968
7 0.471605 0.386510 0.024691 0.044968
7 0.251852 0.437901 0.024691 0.040685
7 0.211728 0.942184 0.020988 0.055675
