3 0.138824 0.056133 0.117647 0.099792
3 0.101765 0.915800 0.135294 0.160083
3 0.221765 0.734927 0.177647 0.139293
3 0.767059 0.603950 0.463529 0.380457
3 0.418235 0.527027 0.227059 0.293139
3 0.835882 0.294179 0.328235 0.226611
3 0.423529 0.273389 0.334118 0.168399
3 0.600588 0.053015 0.076471 0.101871
3 0.098235 0.562370 0.177647 0.139293
3 0.513529 0.927235 0.071765 0.116424
4 0.135882 0.034304 0.104706 0.047817
4 0.512941 0.905405 0.061176 0.047817
4 0.100588 0.870062 0.118824 0.051975
4 0.221176 0.700624 0.155294 0.054054
4 0.767059 0.463617 0.458824 0.079002
4 0.419412 0.417879 0.215294 0.058212
4 0.837647 0.230769 0.312941 0.087318
4 0.600588 0.036383 0.062353 0.051975
4 0.425294 0.239085 0.316471 0.087318
4 0.102353 0.528067 0.164706 0.054054
5 0.101176 0.575884 0.160000 0.045738
5 0.837647 0.305613 0.312941 0.079002
5 0.767059 0.586279 0.458824 0.174636
5 0.102941 0.930353 0.123529 0.081081
5 0.223529 0.748441 0.160000 0.045738
5 0.420588 0.541580 0.215294 0.205821
6 0.423529 0.321206 0.310588 0.047817
6 0.840000 0.373181 0.310588 0.047817
6 0.768235 0.730769 0.458824 0.118503
7 0.211765 0.099792 0.016471 0.037422
7 0.205294 0.529106 0.027059 0.047817
7 0.547647 0.094595 0.027059 0.043659
7 0.081765 0.655925 0.027059 0.047817
7 0.287059 0.495842 0.035294 0.056133
7 0.825294 0.828482 0.027059 0.047817
7 0.564118 0.903326 0.027059 0.047817
7 0.417059 0.699584 0.027059 0.047817
7 0.186471 0.882536 0.027059 0.047817
7 0.082941 0.813929 0.027059 0.047817
