3 0.190588 0.497275 0.369412 0.332425
3 0.184706 0.848093 0.145882 0.194823
3 0.869412 0.813351 0.162353 0.373297
3 0.815882 0.503406 0.205882 0.121253
3 0.557059 0.617166 0.165882 0.329700
3 0.855882 0.104905 0.288235 0.185286
3 0.541176 0.156676 0.282353 0.310627
3 0.182353 0.136240 0.155294 0.198910
4 0.192941 0.361035 0.350588 0.043597
4 0.853529 0.036785 0.276471 0.049046
4 0.868824 0.654632 0.163529 0.050409
4 0.557059 0.476839 0.161176 0.046322
4 0.818235 0.467302 0.196471 0.049046
4 0.187647 0.777248 0.144706 0.050409
4 0.540000 0.025204 0.282353 0.047684
4 0.181765 0.070163 0.140000 0.050409
5 0.188235 0.427793 0.350588 0.098093
5 0.187647 0.852861 0.144706 0.108992
5 0.560588 0.564033 0.163529 0.136240
5 0.542353 0.115123 0.282353 0.145777
5 0.184118 0.138965 0.140000 0.100817
5 0.818235 0.508856 0.196471 0.039510
5 0.850000 0.093324 0.274118 0.072207
5 0.869412 0.766349 0.160000 0.170300
6 0.180588 0.208447 0.130588 0.040872
6 0.814706 0.543597 0.196471 0.029973
6 0.868235 0.920981 0.157647 0.138965
6 0.556471 0.705722 0.152941 0.149864
6 0.186471 0.923025 0.142353 0.034060
6 0.853529 0.159401 0.274118 0.062670
6 0.540588 0.244550 0.281176 0.121253
6 0.189412 0.568120 0.352941 0.177112
7 0.087059 0.319482 0.032941 0.034060
7 0.198824 0.248638 0.032941 0.034060
7 0.656471 0.681880 0.032941 0.034060
7 0.790588 0.423025 0.032941 0.034060
7 0.716471 0.275886 0.032941 0.034060
7 0.582353 0.431199 0.032941 0.034060
7 0.528235 0.401226 0.032941 0.034060
7 0.582353 0.337193 0.032941 0.034060
7 0.208235 0.735014 0.032941 0.034060
7 0.202353 0.316757 0.032941 0.034060
7 0.282353 0.203678 0.032941 0.034060
7 0.468235 0.509537 0.021176 0.035422
7 0.461176 0.591962 0.032941 0.034060
7 0.772941 0.935286 0.032941 0.034060
7 0.734118 0.593324 0.032941 0.034060
7 0.780000 0.724114 0.032941 0.034060
7 0.285882 0.860354 0.032941 0.034060
7 0.287059 0.774523 0.032941 0.034060
7 0.382941 0.504768 0.015294 0.031335
7 0.094118 0.675749 0.023529 0.029973
7 0.391765 0.035422 0.018824 0.038147
7 0.211176 0.663488 0.017647 0.024523
7 0.704706 0.141689 0.018824 0.038147
7 0.689412 0.141689 0.018824 0.038147
