3 0.531738 0.072311 0.159180 0.127318
3 0.882812 0.762052 0.212891 0.334981
3 0.538086 0.700865 0.201172 0.212608
3 0.159180 0.695921 0.218750 0.163164
3 0.737305 0.382571 0.160156 0.312732
3 0.535156 0.352905 0.158203 0.273177
3 0.284180 0.351051 0.203125 0.269468
4 0.534180 0.032138 0.138672 0.027194
4 0.882324 0.623609 0.204102 0.050680
4 0.537598 0.611248 0.194336 0.028430
4 0.158203 0.638443 0.197266 0.030902
4 0.737305 0.249073 0.142578 0.028430
4 0.535156 0.236094 0.138672 0.027194
4 0.281250 0.257726 0.179688 0.028430
5 0.535156 0.318294 0.144531 0.137206
5 0.161133 0.703337 0.197266 0.103832
5 0.882812 0.716316 0.193359 0.137206
5 0.538574 0.701483 0.192383 0.149567
5 0.737305 0.330655 0.144531 0.137206
5 0.533203 0.069839 0.144531 0.050680
6 0.281738 0.389988 0.172852 0.184178
6 0.884277 0.854759 0.198242 0.134734
6 0.737793 0.467244 0.145508 0.135970
6 0.535156 0.435105 0.144531 0.098888
7 0.291992 0.532756 0.013672 0.027194
7 0.221191 0.505562 0.018555 0.027194
7 0.425781 0.690358 0.025391 0.025958
7 0.178223 0.800989 0.032227 0.027194
7 0.549316 0.501854 0.012695 0.032138
7 0.554199 0.585290 0.034180 0.030902
7 0.653320 0.682942 0.019531 0.033375
7 0.694824 0.564895 0.026367 0.029666
7 0.722656 0.603832 0.023438 0.028430
7 0.787598 0.556242 0.010742 0.024722
7 0.908691 0.587145 0.026367 0.024722
7 0.847168 0.966007 0.041992 0.025958
