3 0.285620 0.222477 0.112137 0.190367
3 0.408311 0.767202 0.113456 0.222477
3 0.590040 0.537844 0.123351 0.176606
3 0.722955 0.250573 0.135884 0.209862
3 0.437995 0.357798 0.112137 0.190367
3 0.265831 0.557913 0.118734 0.186927
3 0.734828 0.739106 0.122691 0.200688
4 0.285950 0.149656 0.107520 0.024083
4 0.732520 0.668005 0.107520 0.024083
4 0.409301 0.679472 0.107520 0.024083
4 0.587401 0.468463 0.107520 0.024083
4 0.718008 0.180619 0.107520 0.024083
4 0.265501 0.491399 0.107520 0.024083
4 0.438984 0.293005 0.107520 0.024083
5 0.288259 0.202408 0.105541 0.088303
5 0.718997 0.237959 0.110818 0.086009
5 0.732520 0.720183 0.111478 0.080275
5 0.410290 0.749427 0.112137 0.113532
5 0.588391 0.519495 0.113456 0.080275
5 0.438654 0.348624 0.104222 0.094037
5 0.266161 0.537844 0.108839 0.066514
6 0.287929 0.277523 0.106201 0.061927
6 0.408971 0.833142 0.112137 0.063073
6 0.590040 0.590596 0.112797 0.061927
6 0.719657 0.312500 0.110818 0.063073
6 0.265501 0.603211 0.110158 0.061927
6 0.438984 0.423739 0.102243 0.058486
6 0.733179 0.795298 0.115435 0.063073
7 0.347625 0.194954 0.009235 0.029817
7 0.520119 0.487385 0.019129 0.029817
7 0.397098 0.483945 0.018470 0.029817
7 0.654354 0.229358 0.009235 0.029817
7 0.503628 0.334289 0.020449 0.026376
7 0.449538 0.255161 0.020449 0.033257
7 0.331135 0.559633 0.009235 0.029817
7 0.515501 0.536124 0.024406 0.030963
7 0.474274 0.739679 0.009235 0.029817
7 0.443272 0.465596 0.015831 0.027523
7 0.597296 0.647362 0.015172 0.028670
7 0.665897 0.764335 0.015172 0.028670
