3 0.453763 0.160995 0.199617 0.315445
3 0.655931 0.502291 0.134566 0.080497
3 0.126913 0.803010 0.086735 0.064136
3 0.249043 0.623364 0.089923 0.068717
3 0.162309 0.621728 0.084821 0.058901
3 0.128189 0.877291 0.096939 0.083115
3 0.221620 0.714005 0.158801 0.116492
3 0.369898 0.671466 0.118622 0.150524
3 0.656569 0.408704 0.117985 0.092277
3 0.225765 0.839005 0.102041 0.134817
3 0.777742 0.556610 0.098852 0.177356
3 0.662628 0.624346 0.116071 0.121728
3 0.380421 0.816427 0.142219 0.135471
3 0.915179 0.630890 0.169643 0.195026
3 0.917411 0.449935 0.165179 0.114529
3 0.862245 0.837696 0.132653 0.113874
3 0.607143 0.862565 0.248724 0.261780
3 0.363839 0.456479 0.176658 0.170812
3 0.693559 0.291230 0.197066 0.092932
3 0.877551 0.105366 0.139031 0.130890
3 0.123406 0.485275 0.245536 0.140707
3 0.521684 0.526505 0.114796 0.070026
4 0.454401 0.025851 0.174107 0.030759
4 0.382653 0.765707 0.131378 0.028796
4 0.371811 0.626963 0.108418 0.035340
4 0.664222 0.576571 0.111607 0.022251
4 0.918367 0.553665 0.144133 0.024869
4 0.609375 0.750327 0.241709 0.035995
4 0.220982 0.677029 0.140944 0.029450
4 0.659120 0.492474 0.144770 0.018979
4 0.773278 0.482330 0.096301 0.026178
4 0.915497 0.415903 0.146046 0.026832
4 0.655293 0.382853 0.092474 0.034031
4 0.129464 0.434228 0.238520 0.030759
4 0.879464 0.059882 0.126276 0.032068
4 0.693559 0.270615 0.176658 0.033377
4 0.364477 0.384490 0.174107 0.030759
4 0.251913 0.606021 0.085459 0.019634
4 0.519452 0.513743 0.103954 0.034031
4 0.226403 0.789921 0.094388 0.027487
4 0.862564 0.809555 0.103954 0.034031
5 0.455038 0.109620 0.176658 0.136780
5 0.606824 0.809882 0.248087 0.090969
5 0.881378 0.110602 0.132653 0.073298
5 0.127870 0.456479 0.236607 0.018979
5 0.664860 0.594568 0.114158 0.018979
5 0.656569 0.418521 0.102679 0.042539
5 0.918367 0.570353 0.146684 0.018979
5 0.369579 0.660013 0.102679 0.042539
6 0.454082 0.241492 0.178571 0.133508
6 0.367666 0.707134 0.109056 0.050393
6 0.221301 0.725785 0.147959 0.078534
6 0.226403 0.852421 0.094388 0.102749
6 0.382334 0.827880 0.134566 0.107330
6 0.604273 0.922448 0.251913 0.135471
6 0.774235 0.563482 0.102041 0.138743
6 0.666135 0.641034 0.110332 0.075262
6 0.917092 0.646597 0.149235 0.136126
6 0.918686 0.467932 0.147321 0.078534
6 0.125000 0.509162 0.232143 0.083770
6 0.363202 0.463351 0.179209 0.141361
6 0.879783 0.157723 0.137117 0.020942
6 0.694196 0.306283 0.183036 0.044503
5 0.654337 0.511453 0.127551 0.017670
6 0.251913 0.631872 0.088010 0.030759
