3 0.088209 0.535268 0.174617 0.172321
3 0.641764 0.941071 0.138614 0.110714
3 0.646265 0.778125 0.147615 0.115179
3 0.641314 0.313393 0.150315 0.153571
3 0.644464 0.540625 0.144014 0.165179
3 0.928893 0.544196 0.142214 0.183036
3 0.929343 0.320089 0.141314 0.208036
3 0.360036 0.349554 0.154815 0.091964
3 0.644914 0.109821 0.153915 0.123214
3 0.356436 0.199107 0.142214 0.087500
3 0.357786 0.045982 0.153915 0.090179
3 0.358686 0.775893 0.227723 0.191071
3 0.356436 0.532589 0.176418 0.159821
4 0.356436 0.326786 0.127813 0.025000
4 0.356436 0.173661 0.133213 0.027679
4 0.358236 0.014732 0.133213 0.025893
4 0.643114 0.478571 0.126913 0.028571
4 0.927543 0.244643 0.132313 0.048214
4 0.640864 0.070089 0.129613 0.027679
4 0.358236 0.697768 0.210621 0.025893
4 0.357786 0.479018 0.173717 0.029464
4 0.644914 0.255804 0.130513 0.025893
4 0.928443 0.477679 0.130513 0.023214
4 0.084158 0.475000 0.164716 0.025000
4 0.642664 0.912054 0.124212 0.027679
4 0.642664 0.750000 0.127813 0.046429
5 0.085959 0.520089 0.159316 0.054464
5 0.357786 0.771875 0.200720 0.129464
5 0.642664 0.527232 0.129613 0.079464
5 0.641314 0.300000 0.126913 0.064286
5 0.358236 0.053125 0.133213 0.043750
5 0.930243 0.509821 0.139514 0.044643
5 0.644914 0.120982 0.128713 0.079464
5 0.355986 0.509375 0.173717 0.050893
5 0.643114 0.954911 0.128713 0.058036
5 0.356886 0.351339 0.128713 0.029464
5 0.357336 0.199107 0.133213 0.028571
6 0.356436 0.851786 0.205221 0.030357
7 0.191719 0.520982 0.025203 0.031250
7 0.729973 0.296875 0.025203 0.031250
7 0.621962 0.224554 0.025203 0.031250
7 0.621062 0.180804 0.025203 0.031250
7 0.391539 0.137054 0.025203 0.031250
7 0.386139 0.104018 0.025203 0.031250
7 0.251125 0.518304 0.025203 0.031250
7 0.724572 0.524554 0.025203 0.031250
7 0.836184 0.297768 0.025203 0.031250
7 0.675068 0.447768 0.025203 0.031250
7 0.671467 0.413839 0.025203 0.031250
7 0.844284 0.519196 0.025203 0.031250
7 0.465347 0.519196 0.025203 0.031250
7 0.556256 0.526339 0.025203 0.031250
7 0.555356 0.930804 0.025203 0.031250
7 0.393339 0.890625 0.025203 0.031250
7 0.558056 0.758482 0.025203 0.031250
7 0.319532 0.670089 0.025203 0.031250
7 0.314131 0.625446 0.025203 0.031250
7 0.438344 0.649554 0.025203 0.031250
7 0.730873 0.929911 0.025203 0.031250
