3 0.249670 0.532683 0.125989 0.191514
3 0.703496 0.710436 0.125989 0.191514
3 0.750000 0.202982 0.116095 0.181193
3 0.623021 0.439794 0.125989 0.191514
3 0.426451 0.807913 0.125989 0.191514
3 0.457454 0.522362 0.125989 0.191514
3 0.392810 0.209862 0.110158 0.178899
4 0.252309 0.465596 0.106201 0.032110
4 0.700858 0.635321 0.116755 0.034404
4 0.747032 0.134174 0.106201 0.032110
4 0.623681 0.364679 0.106201 0.032110
4 0.426451 0.727064 0.106201 0.032110
4 0.453496 0.447248 0.106201 0.032110
4 0.393470 0.139908 0.106201 0.032110
5 0.251979 0.521789 0.105541 0.073394
5 0.702177 0.691514 0.115435 0.077982
5 0.747361 0.192661 0.105541 0.075688
5 0.624340 0.425459 0.104881 0.084862
5 0.424802 0.782110 0.105541 0.073394
5 0.452507 0.498853 0.105541 0.073394
5 0.393799 0.192661 0.105541 0.073394
6 0.251979 0.586009 0.105541 0.052752
6 0.624340 0.499427 0.104881 0.058486
6 0.748351 0.258601 0.108839 0.056193
6 0.701187 0.756307 0.118734 0.053899
6 0.453166 0.572821 0.108179 0.074541
6 0.424802 0.848624 0.105541 0.052752
6 0.394129 0.261468 0.103562 0.068807
7 0.322230 0.499427 0.011214 0.026376
7 0.623021 0.719610 0.011214 0.026376
7 0.443602 0.701261 0.011214 0.026376
7 0.467348 0.631307 0.011214 0.026376
7 0.759565 0.602638 0.011214 0.026376
7 0.608509 0.556766 0.011214 0.026376
7 0.761544 0.311353 0.011214 0.026376
7 0.641491 0.321674 0.011214 0.026376
7 0.590040 0.326261 0.011214 0.026376
7 0.681069 0.210436 0.011214 0.026376
7 0.466689 0.229931 0.011214 0.026376
7 0.440633 0.406537 0.013193 0.033257
7 0.403364 0.328555 0.011214 0.026376
7 0.385554 0.500573 0.011214 0.026376
