3 0.159688 0.226667 0.224375 0.332500
3 0.830937 0.560208 0.306250 0.351250
3 0.847344 0.185417 0.180312 0.230000
3 0.154844 0.660000 0.234687 0.279167
3 0.522344 0.137083 0.194062 0.220833
3 0.450781 0.481042 0.212188 0.278750
3 0.846719 0.184583 0.180312 0.230000
3 0.476094 0.843542 0.192188 0.288750
4 0.159062 0.098542 0.212500 0.062917
4 0.826406 0.440208 0.270313 0.110417
4 0.848281 0.105417 0.175313 0.066667
4 0.477969 0.766458 0.184688 0.107917
4 0.522344 0.063750 0.174687 0.060000
4 0.453125 0.385625 0.212500 0.062917
4 0.150938 0.588750 0.213750 0.115000
5 0.160781 0.222083 0.210313 0.181667
5 0.151094 0.678958 0.213438 0.077917
5 0.827031 0.584167 0.270313 0.180000
5 0.847500 0.174792 0.173750 0.083750
5 0.473438 0.872500 0.187500 0.105000
5 0.520156 0.132292 0.172813 0.083750
5 0.450469 0.456667 0.204687 0.075833
6 0.158125 0.346042 0.211875 0.080417
6 0.828125 0.694792 0.276250 0.047917
6 0.848594 0.254583 0.174687 0.084167
6 0.453281 0.552083 0.204063 0.111667
6 0.523750 0.209583 0.175000 0.078333
6 0.151250 0.754375 0.211875 0.080417
7 0.185000 0.460833 0.041875 0.041667
7 0.566562 0.533542 0.022500 0.041250
7 0.176250 0.407083 0.031875 0.042500
7 0.373594 0.863333 0.030937 0.050833
7 0.140625 0.810833 0.041875 0.041667
