3 0.183377 0.220757 0.141161 0.186927
3 0.750660 0.795872 0.135884 0.176606
3 0.820910 0.497706 0.140501 0.206422
3 0.562995 0.480505 0.136544 0.220183
3 0.392810 0.810780 0.140501 0.206422
3 0.179749 0.861239 0.140501 0.206422
3 0.320251 0.482798 0.140501 0.206422
3 0.553100 0.148509 0.132586 0.186927
4 0.183377 0.154243 0.118734 0.033257
4 0.319591 0.402523 0.131266 0.036697
4 0.819921 0.425459 0.118734 0.034404
4 0.553760 0.080275 0.118074 0.034404
4 0.562995 0.392202 0.131266 0.034404
4 0.749011 0.733372 0.125989 0.037844
4 0.395449 0.731078 0.119393 0.035550
4 0.183377 0.792431 0.120053 0.036697
5 0.184697 0.207569 0.120053 0.071101
5 0.181398 0.842890 0.120053 0.071101
5 0.748681 0.780963 0.120053 0.071101
5 0.820580 0.477064 0.120053 0.071101
5 0.562335 0.464450 0.127309 0.112385
5 0.394459 0.787844 0.118734 0.075688
5 0.320580 0.470183 0.130607 0.098624
5 0.554420 0.136468 0.122032 0.077982
6 0.182058 0.275803 0.114776 0.065367
6 0.749011 0.845183 0.120712 0.064220
6 0.820580 0.550459 0.117414 0.073394
6 0.562995 0.554472 0.132586 0.067661
6 0.320251 0.552179 0.132586 0.074541
6 0.182388 0.903096 0.120712 0.060780
6 0.396438 0.860092 0.118734 0.068807
6 0.553760 0.206422 0.119393 0.066514
7 0.154024 0.334862 0.027045 0.025229
7 0.571570 0.350917 0.027045 0.025229
7 0.175132 0.733945 0.027045 0.025229
7 0.227243 0.449541 0.027045 0.025229
7 0.407652 0.692087 0.022427 0.033257
7 0.569921 0.254014 0.022427 0.033257
7 0.402375 0.450115 0.022427 0.033257
7 0.474934 0.453555 0.022427 0.033257
7 0.521108 0.607225 0.022427 0.033257
7 0.736807 0.435206 0.022427 0.033257
7 0.641821 0.437500 0.022427 0.033257
7 0.765831 0.695528 0.022427 0.033257
7 0.605541 0.611812 0.022427 0.033257
