3 0.072836 0.127229 0.140531 0.109394
3 0.384319 0.945303 0.211654 0.109394
3 0.180805 0.944709 0.176521 0.110583
3 0.628106 0.945303 0.185090 0.109394
3 0.776350 0.772889 0.125107 0.104637
3 0.533419 0.662901 0.144816 0.146254
3 0.929734 0.565993 0.140531 0.109394
3 0.693231 0.445898 0.140531 0.109394
3 0.634105 0.306183 0.118252 0.098692
3 0.842759 0.231867 0.108826 0.099881
3 0.820480 0.063020 0.136247 0.123662
3 0.651243 0.159929 0.130249 0.105826
3 0.358612 0.274078 0.143102 0.165279
3 0.430163 0.045779 0.125107 0.089180
3 0.268209 0.047562 0.125107 0.092747
3 0.093402 0.699762 0.164524 0.105826
3 0.095116 0.468490 0.188518 0.204518
4 0.429306 0.016647 0.123393 0.030916
4 0.069409 0.107610 0.137104 0.034483
4 0.633248 0.283591 0.114824 0.034483
4 0.839760 0.203924 0.089117 0.036861
4 0.649529 0.131391 0.123393 0.036861
4 0.821337 0.018430 0.137961 0.034483
4 0.358612 0.213436 0.143102 0.029727
4 0.265638 0.019620 0.109683 0.036861
4 0.091688 0.665874 0.159383 0.033294
4 0.093830 0.391201 0.185947 0.035672
4 0.179092 0.909631 0.167952 0.038050
4 0.385176 0.908442 0.204799 0.035672
4 0.535561 0.609988 0.135390 0.030916
4 0.626392 0.909037 0.183376 0.032105
4 0.089974 0.663496 0.159383 0.033294
4 0.777635 0.746136 0.125964 0.032105
4 0.931020 0.530321 0.137961 0.033294
4 0.691517 0.414388 0.130249 0.039239
5 0.094259 0.487515 0.185090 0.164090
5 0.094687 0.713436 0.156812 0.064209
5 0.071551 0.145065 0.141388 0.047562
5 0.268209 0.058859 0.109683 0.048751
5 0.426735 0.055886 0.126821 0.052319
5 0.385604 0.960166 0.200514 0.065398
5 0.626392 0.961950 0.179949 0.073722
5 0.533847 0.678359 0.137104 0.108205
5 0.925878 0.580856 0.148243 0.074911
5 0.650814 0.168252 0.122536 0.048751
5 0.841902 0.242568 0.084833 0.052319
5 0.820480 0.074316 0.139674 0.093936
5 0.359469 0.288942 0.137961 0.123662
5 0.178663 0.964328 0.165381 0.071344
7 0.183805 0.042212 0.021422 0.029727
7 0.775921 0.435791 0.031705 0.027348
7 0.607112 0.438169 0.033419 0.034483
7 0.709940 0.306183 0.031705 0.029727
7 0.763925 0.218193 0.021422 0.029727
7 0.731362 0.052913 0.041988 0.027348
7 0.556555 0.145660 0.021422 0.029727
7 0.376607 0.178359 0.038560 0.023781
7 0.464867 0.184899 0.021422 0.029727
7 0.442588 0.102854 0.021422 0.029727
7 0.112682 0.357313 0.052271 0.027348
7 0.261782 0.284780 0.021422 0.029727
7 0.260069 0.232461 0.021422 0.029727
7 0.089974 0.185493 0.027421 0.026159
7 0.158098 0.125446 0.031705 0.027348
7 0.636247 0.594530 0.023136 0.026159
7 0.838475 0.522592 0.038560 0.027348
7 0.559983 0.302616 0.031705 0.029727
7 0.447729 0.363258 0.031705 0.029727
7 0.461440 0.327586 0.031705 0.029727
7 0.458869 0.289536 0.028278 0.029727
7 0.377035 0.364447 0.017138 0.024970
7 0.205227 0.442925 0.031705 0.029727
7 0.111825 0.583234 0.031705 0.029727
7 0.113539 0.636742 0.031705 0.029727
7 0.440874 0.706897 0.031705 0.029727
7 0.434876 0.646254 0.031705 0.029727
7 0.189803 0.706897 0.031705 0.029727
7 0.645673 0.881688 0.031705 0.029727
7 0.552271 0.878121 0.031705 0.029727
7 0.505141 0.885256 0.031705 0.029727
7 0.404884 0.880499 0.031705 0.029727
7 0.282348 0.879310 0.031705 0.029727
7 0.196658 0.881688 0.031705 0.029727
7 0.638817 0.665874 0.023136 0.026159
7 0.859897 0.768728 0.031705 0.029727
7 0.693231 0.766350 0.041131 0.024970
7 0.949015 0.627824 0.023136 0.026159
7 0.549700 0.582640 0.023136 0.026159
7 0.945587 0.498216 0.023136 0.026159
