3 0.250781 0.237037 0.124479 0.275926
3 0.668750 0.499074 0.120833 0.187037
3 0.507812 0.844444 0.097917 0.183333
3 0.343229 0.734722 0.092708 0.187963
3 0.455990 0.493519 0.121354 0.296296
3 0.452344 0.218056 0.098437 0.204630
3 0.706771 0.239815 0.147917 0.270370
3 0.755469 0.817130 0.149479 0.193519
3 0.242448 0.478704 0.098437 0.177778
4 0.252344 0.137500 0.119271 0.028704
4 0.343490 0.677778 0.084896 0.037037
4 0.749740 0.752778 0.118229 0.040741
4 0.241146 0.407870 0.084375 0.036111
4 0.506510 0.776852 0.089063 0.040741
4 0.667448 0.436574 0.107813 0.037963
4 0.455729 0.365741 0.111458 0.038889
4 0.449740 0.159259 0.089063 0.035185
4 0.703385 0.139352 0.140104 0.034259
5 0.253906 0.209722 0.121354 0.112037
5 0.344271 0.734722 0.086458 0.078704
5 0.451562 0.215278 0.085417 0.075000
5 0.704167 0.214815 0.139583 0.111111
5 0.456771 0.449074 0.114583 0.129630
5 0.241667 0.475926 0.087500 0.096296
5 0.505469 0.840741 0.084896 0.094444
5 0.669271 0.490741 0.109375 0.072222
5 0.748698 0.806944 0.118229 0.069444
6 0.252604 0.308333 0.114583 0.081481
6 0.241406 0.543056 0.086979 0.037963
6 0.251563 0.309259 0.114583 0.081481
6 0.705729 0.321296 0.139583 0.105556
6 0.456250 0.577315 0.118750 0.126852
6 0.459896 0.577315 0.118750 0.126852
6 0.505208 0.905093 0.093750 0.041667
7 0.325781 0.200000 0.015104 0.035185
7 0.324740 0.198148 0.015104 0.035185
7 0.393229 0.192593 0.017708 0.033333
7 0.324219 0.291667 0.015104 0.035185
7 0.528646 0.544444 0.017708 0.033333
7 0.379427 0.475000 0.030729 0.037037
7 0.263281 0.587963 0.030729 0.037037
7 0.280990 0.700926 0.030729 0.037037
7 0.764062 0.403704 0.023958 0.037037
7 0.768750 0.705556 0.023958 0.037037
