3 0.100398 0.072222 0.125896 0.083333
3 0.423506 0.629861 0.115538 0.126389
3 0.369721 0.470139 0.103586 0.145833
3 0.294422 0.637500 0.118725 0.127778
3 0.580876 0.456944 0.109960 0.158333
3 0.640637 0.286111 0.117928 0.094444
3 0.803586 0.170833 0.113944 0.138889
3 0.936653 0.161806 0.126693 0.131944
3 0.673705 0.160417 0.109163 0.093056
3 0.527490 0.177083 0.116335 0.118056
3 0.800000 0.050000 0.125896 0.083333
3 0.104382 0.742361 0.114741 0.087500
3 0.388048 0.167361 0.119522 0.131944
3 0.245418 0.244444 0.117928 0.233333
3 0.101992 0.632639 0.121116 0.087500
3 0.105578 0.380556 0.128287 0.291667
3 0.101594 0.177778 0.112351 0.083333
3 0.485259 0.736806 0.113147 0.081944
3 0.724303 0.607639 0.114741 0.081944
3 0.731474 0.404861 0.106773 0.081944
3 0.729880 0.488194 0.106773 0.081944
3 0.626295 0.736111 0.125896 0.083333
3 0.763745 0.939583 0.117131 0.106944
3 0.766135 0.831944 0.110757 0.100000
3 0.765339 0.733333 0.117131 0.080556
4 0.103586 0.045833 0.101992 0.019444
4 0.729084 0.458333 0.101992 0.019444
4 0.725100 0.581944 0.101992 0.019444
4 0.627888 0.706944 0.101992 0.019444
4 0.729880 0.373611 0.101992 0.019444
4 0.933068 0.109722 0.101992 0.019444
4 0.802390 0.115278 0.101992 0.019444
4 0.765737 0.790278 0.101992 0.019444
4 0.764143 0.898611 0.101992 0.019444
4 0.764940 0.709722 0.101992 0.019444
4 0.484462 0.708333 0.101992 0.019444
4 0.674104 0.127778 0.101992 0.019444
4 0.640637 0.251389 0.101992 0.019444
4 0.580876 0.397222 0.101992 0.019444
4 0.424701 0.583333 0.101992 0.019444
4 0.579283 0.568056 0.101992 0.019444
4 0.294024 0.586111 0.101992 0.019444
4 0.368127 0.411111 0.101992 0.019444
4 0.803984 0.026389 0.101992 0.019444
4 0.528287 0.130556 0.101992 0.019444
4 0.102789 0.715278 0.101992 0.019444
4 0.104382 0.604167 0.101992 0.019444
4 0.389641 0.125000 0.101992 0.019444
4 0.102390 0.252778 0.123506 0.022222
4 0.247012 0.145833 0.105179 0.019444
4 0.103586 0.147222 0.101992 0.019444
5 0.105578 0.069444 0.101195 0.025000
5 0.764940 0.934722 0.098805 0.052778
5 0.730279 0.488194 0.102789 0.040278
5 0.580478 0.607639 0.105976 0.065278
5 0.629880 0.730556 0.101195 0.025000
5 0.486454 0.727778 0.101195 0.025000
5 0.425100 0.622222 0.104382 0.055556
5 0.580876 0.456944 0.105179 0.100000
5 0.935060 0.156250 0.102789 0.076389
5 0.294024 0.622917 0.101992 0.054167
5 0.729482 0.404167 0.102789 0.038889
5 0.806773 0.163889 0.099602 0.077778
5 0.805976 0.048611 0.101195 0.025000
5 0.675697 0.158333 0.103586 0.038889
5 0.101594 0.737500 0.101195 0.025000
5 0.245817 0.206250 0.101195 0.098611
5 0.103187 0.631250 0.099602 0.037500
5 0.105578 0.333333 0.123506 0.136111
5 0.102390 0.170833 0.101195 0.025000
5 0.763745 0.729167 0.101195 0.025000
5 0.765339 0.825694 0.104382 0.051389
6 0.104382 0.464583 0.121116 0.123611
6 0.247410 0.306250 0.102789 0.106944
6 0.527490 0.193750 0.101992 0.056944
6 0.389243 0.193750 0.102789 0.081944
5 0.643825 0.279167 0.103586 0.038889
3 0.388845 0.286111 0.108367 0.108333
4 0.390438 0.241667 0.101992 0.019444
6 0.390438 0.301389 0.101992 0.052778
7 0.303586 0.473611 0.020717 0.038889
7 0.104781 0.532639 0.024701 0.026389
7 0.672510 0.405556 0.012749 0.030556
7 0.517928 0.470833 0.020717 0.038889
7 0.429880 0.467361 0.015139 0.034722
7 0.103984 0.581250 0.024701 0.026389
7 0.670916 0.488889 0.015936 0.044444
