3 0.335726 0.102695 0.129223 0.103160
3 0.318834 0.812732 0.068412 0.060409
3 0.327703 0.947026 0.143581 0.100372
3 0.926098 0.801115 0.147804 0.109665
3 0.926098 0.663104 0.129223 0.103160
3 0.924409 0.512546 0.151182 0.101301
3 0.696791 0.664033 0.143581 0.127323
3 0.925676 0.335037 0.148649 0.123606
3 0.566723 0.310874 0.150338 0.235130
3 0.928632 0.054368 0.129223 0.103160
3 0.717061 0.059480 0.140203 0.117100
3 0.069257 0.809015 0.136824 0.123606
3 0.192145 0.620353 0.129223 0.103160
3 0.338260 0.331320 0.146115 0.218401
4 0.338260 0.064591 0.120777 0.015799
4 0.329392 0.915892 0.135135 0.028810
4 0.929899 0.760688 0.131757 0.015799
4 0.925253 0.622212 0.120777 0.015799
4 0.923564 0.480948 0.142736 0.017658
4 0.698480 0.620353 0.126689 0.015799
4 0.927787 0.018123 0.120777 0.015799
4 0.717905 0.008829 0.136824 0.015799
4 0.926943 0.284851 0.120777 0.015799
4 0.067568 0.768587 0.133446 0.029740
4 0.565034 0.213290 0.135135 0.017658
4 0.191301 0.590149 0.124155 0.026022
4 0.339949 0.240706 0.137669 0.014870
3 0.491554 0.664963 0.146959 0.118030
3 0.508446 0.796004 0.162162 0.099442
4 0.507601 0.768587 0.157095 0.027881
4 0.489865 0.619888 0.133446 0.013011
5 0.336993 0.080390 0.116554 0.013941
5 0.697635 0.644517 0.126689 0.028810
5 0.928632 0.646840 0.139358 0.029740
5 0.927787 0.311803 0.119088 0.030669
5 0.339527 0.291822 0.136824 0.089219
5 0.717905 0.030669 0.133446 0.031599
4 0.318834 0.799721 0.066723 0.013941
6 0.337838 0.117565 0.116554 0.060409
6 0.928209 0.040428 0.116554 0.030669
6 0.696791 0.689591 0.126689 0.057621
6 0.489443 0.653346 0.135980 0.046468
6 0.924831 0.684015 0.130068 0.048327
6 0.930321 0.358271 0.127534 0.064126
6 0.565878 0.324814 0.138514 0.205390
6 0.720017 0.081320 0.135980 0.067844
6 0.337416 0.384758 0.139358 0.089219
6 0.927787 0.795074 0.132601 0.054833
6 0.925253 0.505112 0.146115 0.028810
