3 0.190661 0.195004 0.157198 0.164802
3 0.501946 0.874348 0.183658 0.117077
3 0.841634 0.802386 0.147082 0.129754
3 0.529183 0.681581 0.203891 0.156600
3 0.751362 0.599553 0.143969 0.140194
3 0.233463 0.691275 0.275486 0.167040
3 0.533074 0.403430 0.210117 0.238628
3 0.845136 0.304623 0.154086 0.152871
3 0.185214 0.435869 0.157198 0.164802
3 0.474319 0.148024 0.170428 0.121551
4 0.189883 0.138702 0.133852 0.035794
4 0.842023 0.761372 0.133852 0.035794
4 0.502335 0.836689 0.171984 0.035794
4 0.531518 0.625280 0.197665 0.035048
4 0.236965 0.627890 0.256031 0.028337
4 0.752140 0.549963 0.123735 0.036540
4 0.847082 0.261745 0.143969 0.040268
4 0.532296 0.302386 0.197665 0.023117
4 0.470817 0.112603 0.144747 0.035794
4 0.188716 0.369128 0.151751 0.037286
5 0.468872 0.149888 0.145525 0.037286
5 0.529961 0.666667 0.197665 0.053691
5 0.845525 0.301268 0.145525 0.037286
5 0.187549 0.413125 0.154086 0.052200
5 0.532296 0.357196 0.202335 0.080537
5 0.842412 0.801268 0.129961 0.039523
5 0.501167 0.873602 0.168093 0.036540
5 0.237743 0.666294 0.256031 0.052946
6 0.191829 0.235645 0.128405 0.074571
6 0.533074 0.459732 0.199222 0.121551
6 0.468093 0.188665 0.150195 0.038777
6 0.187549 0.478374 0.150973 0.076808
6 0.237743 0.733035 0.256031 0.080537
6 0.530350 0.726696 0.198444 0.064877
6 0.848249 0.344892 0.143191 0.054437
6 0.750584 0.630872 0.123735 0.052200
6 0.843191 0.840045 0.131518 0.036540
6 0.502335 0.912752 0.171984 0.041760
