3 0.218227 0.140476 0.235786 0.166667
3 0.928512 0.463690 0.094482 0.079762
3 0.822324 0.466667 0.097826 0.085714
3 0.894231 0.695238 0.159699 0.123810
3 0.893813 0.858929 0.163880 0.160714
3 0.429348 0.292857 0.136288 0.076190
3 0.297241 0.477976 0.131271 0.098810
3 0.430602 0.796429 0.190635 0.235714
3 0.119983 0.658929 0.183110 0.260714
3 0.623746 0.539881 0.195652 0.229762
3 0.612876 0.182143 0.167224 0.252381
3 0.849498 0.155952 0.242475 0.192857
3 0.140886 0.326190 0.216555 0.133333
4 0.216973 0.086310 0.229933 0.041667
4 0.819816 0.452381 0.081104 0.040476
4 0.928930 0.452976 0.085284 0.044048
4 0.893395 0.821429 0.154682 0.069048
4 0.893813 0.680357 0.153846 0.075000
4 0.429766 0.705952 0.175585 0.042857
4 0.297241 0.451190 0.126254 0.040476
4 0.430602 0.282143 0.120401 0.045238
4 0.622074 0.450000 0.185619 0.042857
4 0.612040 0.085714 0.162207 0.042857
4 0.850334 0.085714 0.239130 0.042857
4 0.119983 0.555357 0.169732 0.044048
4 0.141722 0.282143 0.213211 0.045238
5 0.216973 0.125595 0.226589 0.036905
5 0.296405 0.489881 0.122910 0.036905
5 0.623746 0.551190 0.188963 0.159524
5 0.431438 0.761310 0.177258 0.070238
5 0.852007 0.157143 0.237458 0.102381
5 0.612876 0.185714 0.163880 0.159524
5 0.119565 0.656548 0.168896 0.163095
5 0.141304 0.337500 0.212375 0.070238
6 0.218645 0.183929 0.224916 0.072619
6 0.433110 0.849405 0.177258 0.105952
6 0.851589 0.229167 0.238294 0.044048
6 0.614548 0.288095 0.165552 0.038095
6 0.119147 0.760119 0.168060 0.044048
7 0.083194 0.122619 0.042642 0.040476
7 0.662625 0.395833 0.022575 0.039286
7 0.621237 0.331548 0.026756 0.036905
7 0.484950 0.354167 0.023411 0.034524
7 0.450669 0.355357 0.028428 0.036905
7 0.418060 0.363095 0.026756 0.035714
7 0.387542 0.447619 0.025920 0.040476
7 0.539716 0.394643 0.027592 0.041667
7 0.514214 0.165476 0.030100 0.035714
7 0.345736 0.164286 0.019231 0.026190
7 0.448579 0.666667 0.042642 0.040476
7 0.280100 0.548214 0.028428 0.032143
7 0.333612 0.414286 0.015050 0.035714
7 0.111622 0.808333 0.027592 0.035714
7 0.100334 0.504762 0.023411 0.042857
7 0.101171 0.413690 0.030100 0.046429
7 0.061455 0.239286 0.042642 0.040476
7 0.311873 0.248810 0.026756 0.030952
7 0.539716 0.823214 0.022575 0.039286
7 0.746237 0.292262 0.022575 0.039286
7 0.792224 0.288690 0.022575 0.039286
7 0.768813 0.289881 0.022575 0.039286
7 0.224498 0.649405 0.022575 0.039286
