3 0.110915 0.140187 0.165493 0.172897
3 0.368838 0.140187 0.181338 0.168224
3 0.118838 0.741822 0.234155 0.161215
3 0.086268 0.910047 0.158451 0.156542
3 0.372359 0.913551 0.160211 0.163551
3 0.608275 0.769860 0.132042 0.165888
3 0.909331 0.915888 0.181338 0.168224
3 0.909331 0.516355 0.181338 0.168224
3 0.608275 0.521028 0.181338 0.168224
3 0.372359 0.517523 0.153169 0.161215
3 0.113556 0.521028 0.181338 0.168224
3 0.113556 0.350467 0.181338 0.168224
4 0.109155 0.087617 0.154930 0.053738
4 0.370599 0.859813 0.142606 0.051402
4 0.610035 0.718458 0.117958 0.053738
4 0.911092 0.858645 0.174296 0.049065
4 0.908451 0.469626 0.172535 0.051402
4 0.608275 0.469626 0.174296 0.056075
4 0.369718 0.466121 0.144366 0.049065
4 0.088028 0.859813 0.140845 0.051402
4 0.113556 0.690421 0.220070 0.049065
4 0.114437 0.467290 0.161972 0.051402
4 0.106514 0.300234 0.146127 0.053738
4 0.369718 0.087617 0.176056 0.053738
5 0.109155 0.156542 0.154930 0.079439
5 0.610915 0.786215 0.119718 0.081776
5 0.908451 0.922897 0.169014 0.084112
5 0.909331 0.533879 0.170775 0.081776
5 0.607394 0.533879 0.176056 0.081776
5 0.371479 0.924065 0.144366 0.081776
5 0.088028 0.925234 0.137324 0.084112
5 0.369718 0.532710 0.144366 0.084112
5 0.113556 0.757009 0.223592 0.084112
5 0.115317 0.532710 0.163732 0.084112
5 0.106514 0.367991 0.146127 0.081776
5 0.369718 0.154206 0.176056 0.079439
7 0.340669 0.032710 0.047535 0.042056
7 0.585387 0.623832 0.047535 0.042056
7 0.187500 0.934579 0.047535 0.042056
7 0.270246 0.941589 0.047535 0.042056
7 0.483275 0.936916 0.047535 0.042056
7 0.889965 0.782710 0.047535 0.042056
7 0.882923 0.623832 0.047535 0.042056
7 0.814261 0.418224 0.047535 0.042056
7 0.787852 0.546729 0.047535 0.042056
7 0.733275 0.546729 0.047535 0.042056
7 0.509683 0.420561 0.047535 0.042056
7 0.087148 0.626168 0.047535 0.042056
7 0.257923 0.492991 0.047535 0.042056
7 0.199824 0.242991 0.047535 0.042056
7 0.234155 0.115654 0.059859 0.044393
7 0.243838 0.210280 0.047535 0.042056
7 0.397007 0.245327 0.047535 0.042056
7 0.500880 0.202103 0.044014 0.039720
