3 0.124115 0.206717 0.107784 0.143352
3 0.124115 0.374307 0.107784 0.143352
3 0.123027 0.372922 0.107784 0.143352
3 0.357921 0.810596 0.174741 0.171053
3 0.701688 0.808864 0.107784 0.152355
3 0.566140 0.802978 0.107784 0.143352
3 0.633370 0.551593 0.178008 0.153047
3 0.857376 0.555748 0.107784 0.143352
3 0.855471 0.328947 0.102885 0.160665
3 0.635003 0.328947 0.102885 0.164820
3 0.124115 0.890235 0.107784 0.143352
3 0.122482 0.720568 0.107784 0.143352
3 0.357104 0.552978 0.107784 0.143352
3 0.358465 0.281163 0.168209 0.216066
4 0.124660 0.166205 0.096897 0.044321
4 0.123571 0.328947 0.096897 0.044321
4 0.125204 0.681440 0.096897 0.044321
4 0.126293 0.852493 0.096897 0.044321
4 0.357104 0.203947 0.164398 0.042244
4 0.566140 0.756579 0.097986 0.038089
4 0.704137 0.756925 0.100708 0.044321
4 0.858737 0.504848 0.099619 0.040166
4 0.856832 0.278047 0.094720 0.051939
4 0.636908 0.504501 0.164398 0.042244
4 0.357921 0.745845 0.167120 0.038781
4 0.634731 0.280817 0.102341 0.057479
4 0.359009 0.504155 0.100708 0.041551
5 0.358465 0.263158 0.164943 0.085873
5 0.124115 0.721953 0.096897 0.040859
5 0.125204 0.367382 0.096897 0.040859
5 0.125204 0.891620 0.096897 0.040859
5 0.125204 0.208795 0.096897 0.040859
5 0.634731 0.548476 0.163310 0.052632
5 0.358193 0.546745 0.096897 0.056094
5 0.358465 0.788089 0.166032 0.054017
5 0.855471 0.326177 0.097441 0.055402
5 0.857648 0.547784 0.097441 0.055402
6 0.359554 0.345222 0.157322 0.075485
6 0.360370 0.600069 0.095808 0.050554
6 0.360370 0.852147 0.167665 0.074100
6 0.634458 0.596260 0.169298 0.049861
7 0.426511 0.536704 0.013609 0.037396
7 0.538106 0.541551 0.013609 0.037396
7 0.505444 0.786011 0.013609 0.037396
7 0.451551 0.786704 0.013609 0.037396
