3 0.284469 0.207820 0.115531 0.170891
3 0.598365 0.866763 0.196185 0.181028
3 0.770300 0.673787 0.134605 0.200579
3 0.321253 0.845764 0.211989 0.204200
3 0.771117 0.330196 0.189646 0.217234
3 0.510899 0.562636 0.159673 0.194062
3 0.201635 0.461984 0.138420 0.233164
4 0.286376 0.157133 0.102997 0.046343
4 0.767030 0.596307 0.124796 0.031137
4 0.598093 0.809920 0.189101 0.042723
4 0.319891 0.772266 0.180926 0.039826
4 0.515531 0.500362 0.149319 0.059377
4 0.774387 0.240768 0.162398 0.034033
4 0.200272 0.368936 0.132425 0.045619
5 0.200545 0.460536 0.132970 0.140478
5 0.771662 0.670891 0.122071 0.123823
5 0.772207 0.294352 0.161308 0.073135
5 0.517711 0.561188 0.149319 0.066618
5 0.287193 0.209269 0.104632 0.075308
6 0.286104 0.275163 0.108992 0.046343
6 0.765940 0.744750 0.114986 0.032585
6 0.597003 0.901159 0.180381 0.087618
6 0.319074 0.880521 0.178202 0.125996
6 0.772752 0.380521 0.159128 0.102100
6 0.514441 0.621289 0.146049 0.055033
6 0.200817 0.554308 0.135695 0.052860
7 0.183651 0.603910 0.020708 0.036206
7 0.610354 0.589428 0.020708 0.036206
