3 0.153846 0.447603 0.244830 0.266444
3 0.670389 0.836678 0.235732 0.293200
3 0.862696 0.494426 0.238213 0.268673
3 0.800662 0.225195 0.246485 0.260870
3 0.518197 0.482720 0.234078 0.243032
3 0.303143 0.836120 0.239041 0.289855
4 0.155500 0.347269 0.224979 0.045708
4 0.799835 0.132107 0.224979 0.045708
4 0.669975 0.722965 0.224979 0.045708
4 0.301902 0.721851 0.224979 0.045708
4 0.515302 0.389632 0.224979 0.045708
4 0.862696 0.399666 0.224979 0.045708
5 0.155087 0.431438 0.224152 0.120401
5 0.863110 0.468227 0.225806 0.086957
5 0.799835 0.196210 0.226634 0.095875
5 0.670389 0.806020 0.229115 0.124861
5 0.516543 0.464326 0.230769 0.105909
5 0.303143 0.806020 0.230769 0.124861
6 0.155914 0.534560 0.225806 0.081382
6 0.801075 0.294314 0.227461 0.102564
6 0.670389 0.920847 0.224152 0.111483
6 0.863110 0.559086 0.224152 0.101449
6 0.515715 0.557971 0.225806 0.081382
6 0.303557 0.922520 0.224979 0.108138
7 0.169148 0.591973 0.033912 0.026756
7 0.732837 0.461538 0.028122 0.055741
7 0.692308 0.677258 0.038048 0.041249
7 0.538875 0.623188 0.033912 0.026756
7 0.651365 0.455407 0.032258 0.039019
7 0.654673 0.179487 0.033912 0.026756
7 0.530604 0.355630 0.033912 0.026756
7 0.379239 0.474916 0.033912 0.026756
7 0.319686 0.681159 0.033912 0.026756
7 0.154260 0.917503 0.033912 0.026756
