3 0.230937 0.221433 0.221133 0.232408
3 0.681917 0.840542 0.186275 0.229826
3 0.829521 0.567140 0.226580 0.256294
3 0.500545 0.251453 0.229847 0.235636
3 0.832516 0.237250 0.226035 0.253712
3 0.499455 0.579729 0.223312 0.273725
3 0.228758 0.776307 0.206972 0.270497
3 0.120915 0.475145 0.212418 0.255649
4 0.231209 0.134603 0.196623 0.036798
4 0.680283 0.751775 0.164488 0.040671
4 0.831427 0.476114 0.205338 0.044545
4 0.231754 0.677857 0.190087 0.037444
4 0.503540 0.471272 0.194444 0.038735
4 0.833061 0.141059 0.196623 0.036798
4 0.502451 0.166559 0.218410 0.043899
4 0.120370 0.374758 0.189542 0.038089
5 0.231754 0.184635 0.197712 0.069722
5 0.500545 0.559393 0.186275 0.132343
5 0.683824 0.823434 0.171569 0.096191
5 0.832244 0.546804 0.203704 0.099419
5 0.833333 0.213686 0.196078 0.100710
5 0.229847 0.763719 0.185185 0.134280
5 0.119826 0.452550 0.190632 0.121369
5 0.499183 0.234022 0.217320 0.098773
6 0.230937 0.266946 0.198257 0.094900
6 0.831699 0.638154 0.204793 0.088444
6 0.503813 0.663977 0.191721 0.085862
6 0.229847 0.869593 0.192810 0.077469
6 0.114924 0.549387 0.180828 0.078760
6 0.831699 0.307941 0.197168 0.090381
6 0.499455 0.321498 0.221133 0.082634
6 0.680828 0.908651 0.175381 0.085862
