3 0.206812 0.257784 0.168392 0.272266
3 0.389373 0.868573 0.194550 0.146995
3 0.833515 0.788921 0.167302 0.186097
3 0.822343 0.562636 0.160218 0.181028
3 0.529155 0.265025 0.167847 0.149167
3 0.848774 0.265387 0.226158 0.283128
3 0.547956 0.529327 0.168392 0.272266
3 0.121798 0.605720 0.201090 0.287473
4 0.206540 0.159667 0.140599 0.048516
4 0.549046 0.420710 0.152044 0.049240
4 0.831608 0.728458 0.164578 0.046343
4 0.821253 0.513758 0.140599 0.048516
4 0.383106 0.834540 0.168937 0.045619
4 0.850136 0.158219 0.202725 0.049964
4 0.527793 0.216148 0.155313 0.039826
4 0.125068 0.495655 0.186921 0.047067
5 0.207084 0.242940 0.132970 0.070239
5 0.831335 0.779508 0.157493 0.042723
5 0.822343 0.560825 0.142779 0.062998
5 0.548774 0.504707 0.146049 0.102824
5 0.384741 0.876539 0.168937 0.045619
5 0.853678 0.243664 0.200000 0.087618
5 0.527793 0.260681 0.148774 0.055033
5 0.124796 0.570601 0.182016 0.075308
6 0.208992 0.328747 0.142234 0.101376
6 0.383651 0.913469 0.165668 0.023896
6 0.822071 0.618392 0.145504 0.057929
6 0.544142 0.604634 0.142234 0.101376
6 0.830518 0.838161 0.159128 0.077480
6 0.851226 0.333816 0.194005 0.098479
6 0.527248 0.308834 0.146594 0.039826
6 0.547411 0.606445 0.145504 0.102100
6 0.126975 0.674149 0.183106 0.125996
7 0.303815 0.264301 0.024523 0.041999
7 0.733243 0.538740 0.024523 0.041999
7 0.734332 0.837799 0.024523 0.041999
7 0.725068 0.749457 0.024523 0.041999
7 0.547956 0.724113 0.024523 0.041999
7 0.138147 0.789283 0.024523 0.041999
7 0.243869 0.716148 0.024523 0.041999
7 0.243324 0.667632 0.024523 0.041999
7 0.258038 0.575670 0.024523 0.041999
7 0.654223 0.580014 0.024523 0.041999
7 0.646594 0.467053 0.024523 0.041999
7 0.434877 0.507965 0.023978 0.028240
7 0.420981 0.466329 0.024523 0.041999
7 0.126158 0.445329 0.024523 0.041999
7 0.207902 0.421434 0.024523 0.041999
7 0.723433 0.256336 0.024523 0.041999
7 0.321798 0.335988 0.024523 0.041999
7 0.431335 0.266474 0.024523 0.041999
