3 0.398904 0.101780 0.186255 0.201335
3 0.486554 0.904894 0.170319 0.156841
3 0.892430 0.501112 0.191235 0.110122
3 0.679781 0.366518 0.174303 0.134594
3 0.708665 0.670189 0.170319 0.179088
3 0.121016 0.669633 0.190239 0.238042
3 0.126992 0.378754 0.186255 0.201335
4 0.397908 0.032258 0.160359 0.031146
4 0.707171 0.603448 0.171315 0.038932
4 0.896414 0.464961 0.185259 0.031146
4 0.679781 0.317019 0.160359 0.031146
4 0.116036 0.573415 0.184263 0.036707
4 0.122510 0.315907 0.163347 0.033370
4 0.484562 0.850945 0.160359 0.031146
5 0.398904 0.109010 0.166335 0.133482
5 0.124004 0.347052 0.168327 0.031146
5 0.117032 0.648498 0.178287 0.113459
5 0.679283 0.356507 0.169323 0.045606
5 0.707669 0.635706 0.168327 0.032258
5 0.894920 0.492770 0.178287 0.031146
5 0.487550 0.912125 0.162351 0.091212
6 0.397908 0.189655 0.162351 0.018910
6 0.123008 0.417130 0.170319 0.109010
6 0.487052 0.970523 0.161355 0.030033
6 0.706673 0.704116 0.166335 0.115684
6 0.896912 0.528921 0.176295 0.047831
6 0.677789 0.404894 0.162351 0.053393
6 0.116534 0.746385 0.185259 0.088988
7 0.572211 0.345940 0.038845 0.037820
7 0.380478 0.892102 0.037849 0.035595
7 0.810757 0.657397 0.037849 0.035595
7 0.918327 0.572859 0.037849 0.035595
7 0.917331 0.426029 0.037849 0.035595
7 0.601594 0.651835 0.037849 0.035595
7 0.236056 0.706340 0.037849 0.035595
7 0.232072 0.596218 0.037849 0.035595
7 0.784861 0.348721 0.039841 0.027809
