3 0.246594 0.271277 0.166213 0.473404
3 0.663488 0.831117 0.160763 0.242021
3 0.413488 0.841755 0.159401 0.215426
3 0.245232 0.837766 0.152589 0.202128
3 0.079700 0.847074 0.156676 0.231383
3 0.918256 0.441489 0.152589 0.234043
3 0.663488 0.377660 0.158038 0.292553
4 0.245232 0.071809 0.149864 0.047872
4 0.918256 0.353723 0.149864 0.047872
4 0.660763 0.742021 0.149864 0.047872
4 0.663488 0.260638 0.149864 0.047872
4 0.408719 0.768617 0.149864 0.047872
4 0.246594 0.771277 0.149864 0.047872
4 0.079019 0.771277 0.149864 0.047872
5 0.246594 0.134309 0.147139 0.077128
5 0.661444 0.816489 0.145777 0.101064
5 0.918256 0.433511 0.144414 0.111702
5 0.662807 0.333777 0.148501 0.103723
5 0.411444 0.831117 0.147139 0.077128
5 0.243869 0.825798 0.147139 0.077128
5 0.079019 0.831117 0.147139 0.077128
6 0.243869 0.329787 0.147139 0.313830
6 0.665531 0.446809 0.151226 0.132979
6 0.663488 0.905585 0.149864 0.082447
6 0.412125 0.906915 0.145777 0.074468
6 0.245913 0.902926 0.151226 0.071809
6 0.079700 0.909574 0.148501 0.069149
7 0.101499 0.694149 0.039510 0.031915
7 0.156676 0.537234 0.038147 0.047872
7 0.246594 0.545213 0.038147 0.047872
7 0.246594 0.696809 0.038147 0.047872
7 0.350136 0.440160 0.027248 0.045213
7 0.339237 0.542553 0.038147 0.047872
7 0.269755 0.023936 0.027248 0.042553
7 0.663488 0.118351 0.032698 0.039894
7 0.433243 0.973404 0.032698 0.053191
7 0.767030 0.839096 0.032698 0.039894
7 0.565395 0.740691 0.032698 0.039894
7 0.663488 0.674202 0.032698 0.039894
7 0.666213 0.551862 0.032698 0.039894
7 0.916894 0.586436 0.032698 0.039894
7 0.820845 0.375000 0.028610 0.053191
7 0.760899 0.378989 0.020436 0.039894
7 0.643733 0.977394 0.031335 0.039894
