3 0.212245 0.347319 0.204082 0.564103
3 0.064626 0.850816 0.126531 0.284382
3 0.227891 0.862471 0.140136 0.242424
3 0.394558 0.863636 0.130612 0.254079
3 0.658503 0.713287 0.204082 0.312354
3 0.934014 0.454545 0.131973 0.303030
3 0.658503 0.192308 0.204082 0.379953
4 0.212245 0.111888 0.193197 0.055944
4 0.227891 0.772727 0.121088 0.053613
4 0.393197 0.768065 0.114286 0.058275
4 0.933333 0.347319 0.108844 0.055944
4 0.659864 0.587413 0.193197 0.055944
4 0.658503 0.037296 0.193197 0.055944
4 0.062585 0.747086 0.117007 0.058275
5 0.214286 0.186480 0.191837 0.097902
5 0.660544 0.678322 0.191837 0.135198
5 0.934694 0.438228 0.117007 0.135198
5 0.659864 0.128205 0.193197 0.130536
5 0.394558 0.843823 0.111565 0.097902
5 0.227891 0.842657 0.121088 0.086247
5 0.063265 0.826340 0.112925 0.100233
6 0.214286 0.428904 0.191837 0.391608
6 0.660544 0.803030 0.194558 0.114219
6 0.392517 0.937063 0.110204 0.088578
6 0.229252 0.930070 0.118367 0.083916
6 0.063946 0.921911 0.108844 0.090909
6 0.659184 0.280886 0.189116 0.165501
7 0.341497 0.192308 0.032653 0.053613
7 0.227891 0.705128 0.023129 0.039627
7 0.363265 0.693473 0.032653 0.053613
7 0.271429 0.667832 0.023129 0.039627
7 0.475510 0.930070 0.017687 0.051282
7 0.534014 0.712121 0.028571 0.053613
7 0.659864 0.906760 0.032653 0.037296
7 0.936054 0.636364 0.038095 0.037296
7 0.786395 0.702797 0.032653 0.053613
7 0.658503 0.517483 0.027211 0.037296
7 0.659184 0.406760 0.031293 0.039627
7 0.938095 0.277389 0.028571 0.032634
7 0.786395 0.192308 0.024490 0.044289
7 0.337415 0.517483 0.016327 0.041958
7 0.213605 0.667832 0.035374 0.034965
7 0.156463 0.674825 0.032653 0.053613
7 0.099320 0.682984 0.032653 0.055944
7 0.533333 0.189977 0.029932 0.034965
