3 0.479933 0.118153 0.164468 0.191942
3 0.291187 0.253282 0.162504 0.117248
3 0.289784 0.498416 0.160820 0.161159
3 0.383104 0.680625 0.165591 0.120869
3 0.184956 0.679493 0.165029 0.114079
3 0.678782 0.294703 0.160820 0.161159
3 0.901347 0.802852 0.165871 0.219556
3 0.182571 0.916931 0.169801 0.127207
3 0.679764 0.749208 0.161662 0.106836
3 0.846758 0.096424 0.161662 0.106836
4 0.479231 0.052739 0.157452 0.037574
4 0.899102 0.714577 0.157452 0.037574
4 0.678501 0.239249 0.157452 0.037574
4 0.182852 0.882073 0.157452 0.037574
4 0.846057 0.069488 0.157452 0.037574
4 0.288661 0.442508 0.157452 0.037574
4 0.383806 0.645315 0.157452 0.037574
4 0.183413 0.648483 0.157452 0.037574
4 0.288942 0.220688 0.157452 0.037574
4 0.677940 0.713671 0.157452 0.037574
5 0.477968 0.121096 0.154364 0.103667
5 0.899242 0.805342 0.154364 0.143051
5 0.184956 0.682888 0.158294 0.036668
5 0.288381 0.501811 0.156890 0.083748
5 0.678922 0.299909 0.156610 0.084654
5 0.289644 0.257356 0.157171 0.035763
5 0.678922 0.754187 0.157732 0.038026
7 0.197165 0.232232 0.026663 0.040742
7 0.904715 0.167949 0.026663 0.040742
7 0.906960 0.674513 0.026663 0.040742
7 0.776172 0.766410 0.026663 0.040742
7 0.814342 0.785876 0.026663 0.040742
7 0.627421 0.822544 0.026663 0.040742
7 0.213163 0.752829 0.026663 0.040742
7 0.768875 0.273880 0.016559 0.039837
7 0.666433 0.401539 0.026663 0.040742
7 0.686640 0.193753 0.026663 0.040742
7 0.388016 0.516523 0.026663 0.040742
7 0.578585 0.157537 0.026663 0.040742
7 0.091636 0.656858 0.026663 0.040742
7 0.306062 0.397012 0.026663 0.040742
7 0.272944 0.336351 0.026663 0.040742
7 0.385209 0.242191 0.026663 0.040742
7 0.305220 0.181077 0.026663 0.040742
7 0.383244 0.100951 0.026663 0.040742
