3 0.206859 0.259219 0.156777 0.282719
3 0.457812 0.839841 0.178552 0.206074
3 0.547632 0.229573 0.150245 0.155459
3 0.830702 0.480477 0.188351 0.274042
3 0.547360 0.531453 0.158410 0.270427
3 0.171203 0.612798 0.195427 0.278380
4 0.206859 0.157628 0.143713 0.049168
4 0.454273 0.778742 0.166032 0.052061
4 0.830430 0.378163 0.180185 0.049168
4 0.547088 0.175343 0.135003 0.038322
4 0.548176 0.423355 0.150245 0.046999
4 0.171203 0.503615 0.187806 0.044107
5 0.209036 0.272234 0.135003 0.061461
5 0.549809 0.226681 0.135003 0.061461
5 0.831247 0.483008 0.181818 0.108460
5 0.171475 0.593637 0.183996 0.099783
5 0.455362 0.849602 0.168209 0.092552
5 0.546815 0.494939 0.145346 0.093275
6 0.208492 0.320680 0.138269 0.028200
6 0.549265 0.281996 0.127382 0.046276
6 0.548721 0.563268 0.142624 0.039046
6 0.172836 0.695589 0.185629 0.104121
6 0.832335 0.574476 0.182907 0.073030
6 0.455362 0.910701 0.168209 0.028200
7 0.311377 0.268257 0.014154 0.028923
7 0.451279 0.235719 0.013065 0.023138
7 0.320631 0.751627 0.021775 0.039769
