3 0.214122 0.302714 0.200918 0.601253
3 0.319173 0.827766 0.112514 0.219207
3 0.194604 0.797495 0.120551 0.162839
3 0.944891 0.294363 0.110218 0.221294
3 0.469001 0.294363 0.129736 0.346555
3 0.057405 0.817328 0.112514 0.202505
3 0.469001 0.777662 0.161883 0.444676
3 0.710103 0.306889 0.150402 0.609603
4 0.212974 0.028184 0.180253 0.048017
4 0.946039 0.225470 0.107922 0.050104
4 0.713548 0.026096 0.134328 0.048017
4 0.470723 0.588727 0.140069 0.050104
4 0.470723 0.159708 0.107922 0.056367
4 0.321470 0.752610 0.107922 0.052192
4 0.054535 0.753653 0.106774 0.050104
4 0.191734 0.752610 0.105626 0.048017
5 0.212400 0.154489 0.176808 0.204593
5 0.470723 0.651357 0.140069 0.079332
5 0.947187 0.288100 0.105626 0.083507
5 0.712400 0.136743 0.134328 0.177453
5 0.319173 0.798539 0.110218 0.048017
5 0.054535 0.799582 0.106774 0.050104
5 0.469001 0.237996 0.104478 0.108559
6 0.212974 0.431106 0.177956 0.344468
6 0.055109 0.858038 0.107922 0.075157
6 0.191160 0.846555 0.102181 0.048017
6 0.319747 0.872651 0.109070 0.108559
6 0.470723 0.844468 0.140069 0.311065
6 0.947761 0.364301 0.104478 0.081420
6 0.711825 0.411273 0.133180 0.371608
6 0.469001 0.381002 0.104478 0.169102
7 0.336969 0.255741 0.030999 0.043841
7 0.390356 0.262004 0.018370 0.048017
7 0.859357 0.246347 0.026406 0.045929
7 0.811137 0.248434 0.035591 0.045929
7 0.613088 0.253653 0.018370 0.048017
7 0.548220 0.250522 0.028703 0.050104
