3 0.884286 0.348094 0.090000 0.095291
3 0.746429 0.264574 0.081429 0.076233
3 0.832857 0.089686 0.151429 0.152466
3 0.883214 0.741031 0.109286 0.085202
3 0.634643 0.862108 0.177857 0.253363
3 0.407143 0.693946 0.080000 0.067265
3 0.276071 0.694507 0.085000 0.066143
3 0.740714 0.499439 0.214286 0.158072
3 0.528929 0.154148 0.223571 0.184978
3 0.252857 0.418161 0.271429 0.174888
3 0.256071 0.155830 0.180714 0.181614
4 0.255714 0.096973 0.168571 0.025785
4 0.832143 0.043161 0.148571 0.050448
4 0.407500 0.687780 0.075000 0.045964
4 0.276071 0.677130 0.076429 0.029148
4 0.529286 0.085202 0.218571 0.031390
4 0.256071 0.347534 0.262143 0.026906
3 0.832500 0.260650 0.076429 0.061659
4 0.636429 0.753924 0.168571 0.025785
4 0.743929 0.433296 0.209286 0.028027
4 0.882500 0.716368 0.102143 0.024664
4 0.747500 0.258969 0.072143 0.044843
4 0.882143 0.340247 0.078571 0.045964
4 0.831786 0.256726 0.072143 0.044843
5 0.256786 0.158632 0.169286 0.099776
5 0.882857 0.751682 0.100000 0.054933
5 0.636429 0.876682 0.170000 0.217489
5 0.743571 0.471973 0.207143 0.053812
5 0.831429 0.091368 0.148571 0.052691
5 0.527143 0.135090 0.217143 0.075112
6 0.255714 0.221413 0.171429 0.028027
6 0.526786 0.208520 0.215000 0.071749
6 0.742143 0.539798 0.211429 0.079596
6 0.255714 0.428812 0.261429 0.135650
6 0.832143 0.136771 0.148571 0.040359
7 0.358214 0.227578 0.013571 0.042601
7 0.696071 0.717489 0.013571 0.042601
7 0.626786 0.724776 0.009286 0.036996
7 0.693929 0.406390 0.015000 0.032511
7 0.624643 0.406951 0.013571 0.042601
7 0.613571 0.270179 0.021429 0.035874
7 0.568929 0.283072 0.020714 0.036996
