3 0.278313 0.247385 0.179116 0.462591
3 0.635743 0.248994 0.182329 0.480290
3 0.883534 0.246581 0.180723 0.377313
3 0.911044 0.771923 0.177912 0.330652
3 0.090763 0.777152 0.180723 0.300885
3 0.282530 0.768302 0.181124 0.300885
3 0.478916 0.753821 0.173092 0.390990
3 0.671285 0.777152 0.175502 0.344328
4 0.279116 0.055511 0.159036 0.051488
4 0.637550 0.037409 0.161044 0.049075
4 0.882129 0.093725 0.163454 0.049075
4 0.089357 0.659292 0.165863 0.052293
4 0.280924 0.656879 0.165863 0.052293
4 0.669679 0.639179 0.165863 0.052293
4 0.480924 0.593323 0.162651 0.055511
4 0.911446 0.640788 0.162651 0.055511
5 0.280120 0.157683 0.162651 0.160901
5 0.910040 0.730088 0.156627 0.124698
5 0.668876 0.744972 0.162651 0.160901
5 0.880522 0.182220 0.160241 0.131134
5 0.481325 0.667739 0.161847 0.101368
5 0.635542 0.155270 0.162651 0.186645
5 0.279317 0.732100 0.162651 0.099759
5 0.089759 0.732502 0.170683 0.103781
6 0.281124 0.351971 0.162249 0.224457
6 0.280321 0.350362 0.162249 0.224457
6 0.910442 0.862832 0.163052 0.135961
6 0.669478 0.878922 0.159036 0.106999
6 0.881727 0.331456 0.162651 0.164119
6 0.638554 0.364039 0.162249 0.224457
6 0.480321 0.830652 0.162249 0.224457
6 0.279518 0.847144 0.159839 0.133548
6 0.090562 0.847144 0.170683 0.125503
7 0.142570 0.586484 0.025703 0.040225
7 0.912450 0.973451 0.025703 0.040225
7 0.483133 0.979083 0.025703 0.040225
7 0.812851 0.773130 0.025703 0.040225
7 0.775904 0.773934 0.025703 0.040225
7 0.777510 0.246581 0.024096 0.047466
7 0.743976 0.246983 0.023695 0.043443
7 0.684337 0.518101 0.025703 0.040225
7 0.670683 0.568785 0.025703 0.040225
7 0.430120 0.521319 0.025703 0.040225
7 0.529317 0.247788 0.025703 0.040225
7 0.389157 0.246983 0.025703 0.040225
7 0.380723 0.384553 0.016867 0.040225
7 0.280120 0.585680 0.020482 0.041834
7 0.279116 0.514481 0.016867 0.032985
7 0.175502 0.386565 0.015261 0.044248
