3 0.166667 0.163185 0.206897 0.195822
3 0.487069 0.767298 0.210920 0.214752
3 0.839655 0.700392 0.233333 0.198433
3 0.833046 0.364230 0.230460 0.201044
3 0.490230 0.538512 0.206897 0.195822
3 0.491667 0.278721 0.213218 0.302872
3 0.167816 0.507833 0.206897 0.365535
4 0.166379 0.095300 0.197126 0.043081
4 0.488218 0.690927 0.201724 0.046345
4 0.834483 0.643277 0.201149 0.051567
4 0.831897 0.314295 0.201724 0.050261
4 0.489368 0.170039 0.197126 0.047650
4 0.487644 0.478460 0.197126 0.043081
4 0.169253 0.354765 0.200575 0.046345
5 0.168966 0.168081 0.195402 0.094648
5 0.833333 0.703655 0.198851 0.074413
5 0.830172 0.373695 0.199425 0.078982
5 0.488506 0.768277 0.195402 0.112272
5 0.488793 0.538838 0.198276 0.078982
5 0.489080 0.225522 0.200000 0.073760
5 0.167529 0.445170 0.192529 0.133159
6 0.169540 0.595627 0.193103 0.170366
6 0.487356 0.338120 0.197701 0.154047
7 0.285345 0.155679 0.023563 0.034595
7 0.360345 0.521540 0.051724 0.036554
7 0.286494 0.521867 0.023563 0.034595
7 0.359483 0.318211 0.053448 0.035901
7 0.183046 0.273172 0.023563 0.034595
7 0.298563 0.429178 0.047701 0.034595
7 0.196552 0.314948 0.050575 0.035901
7 0.363506 0.214752 0.040805 0.035248
7 0.363506 0.748695 0.053448 0.039164
7 0.283621 0.587141 0.023563 0.034595
