3 0.137597 0.293889 0.264341 0.327778
3 0.513178 0.497222 0.252713 0.250000
3 0.858915 0.655556 0.255814 0.451111
3 0.856202 0.148333 0.259690 0.294444
3 0.508527 0.131111 0.257364 0.260000
3 0.510078 0.835000 0.258915 0.270000
3 0.139147 0.834444 0.255039 0.331111
4 0.138760 0.174444 0.243411 0.071111
4 0.854264 0.480000 0.243411 0.071111
4 0.506977 0.406667 0.243411 0.071111
4 0.857364 0.050000 0.243411 0.071111
4 0.507752 0.044444 0.243411 0.071111
4 0.506202 0.752222 0.243411 0.071111
4 0.137984 0.712222 0.243411 0.071111
5 0.138372 0.302222 0.239535 0.180000
5 0.138372 0.300000 0.239535 0.180000
5 0.508140 0.817222 0.241085 0.061111
5 0.855814 0.643889 0.241860 0.256667
5 0.859302 0.151667 0.242636 0.143333
5 0.510078 0.116111 0.244961 0.076667
5 0.138372 0.841111 0.239535 0.180000
6 0.139922 0.423333 0.239535 0.060000
6 0.856589 0.820000 0.237209 0.093333
6 0.508527 0.901111 0.243411 0.093333
6 0.507752 0.555556 0.240310 0.091111
6 0.856202 0.255556 0.239535 0.060000
6 0.506977 0.196111 0.248062 0.096667
6 0.136822 0.957778 0.239535 0.060000
7 0.291860 0.491667 0.064341 0.036667
7 0.139535 0.620556 0.054264 0.050000
7 0.332558 0.831667 0.043411 0.038889
