3 0.115357 0.303770 0.182678 0.132819
3 0.113901 0.302057 0.182678 0.132819
3 0.430495 0.620823 0.240902 0.175664
3 0.430495 0.861611 0.264192 0.208226
3 0.791485 0.655955 0.219068 0.180805
3 0.881732 0.342331 0.182678 0.132819
3 0.640830 0.428449 0.184134 0.188518
3 0.389738 0.332048 0.163755 0.168809
3 0.149199 0.527849 0.259098 0.215938
4 0.114993 0.271208 0.167394 0.052271
4 0.148836 0.443873 0.232169 0.032562
4 0.392649 0.276350 0.153566 0.035133
4 0.430495 0.556127 0.226346 0.032562
4 0.429039 0.781491 0.239447 0.034276
4 0.640466 0.361611 0.164483 0.049700
4 0.886827 0.305913 0.166667 0.034276
4 0.790757 0.592117 0.187045 0.032562
5 0.113537 0.330763 0.165939 0.061697
5 0.150655 0.501714 0.229985 0.077978
5 0.433042 0.839760 0.240175 0.080548
5 0.430495 0.600686 0.227802 0.049700
5 0.642285 0.451585 0.169578 0.133676
5 0.790757 0.638817 0.184134 0.067695
5 0.886463 0.365039 0.168850 0.077121
6 0.152838 0.585261 0.237263 0.080548
6 0.392649 0.368466 0.149199 0.056555
6 0.429767 0.662811 0.230713 0.074550
6 0.792576 0.705227 0.186317 0.058269
6 0.429767 0.915596 0.230713 0.074550
7 0.489083 0.319195 0.017467 0.026564
7 0.568777 0.314482 0.026929 0.032562
7 0.567322 0.543273 0.026929 0.032562
7 0.562955 0.573265 0.026929 0.032562
7 0.768195 0.467009 0.026929 0.032562
7 0.855531 0.419880 0.026929 0.032562
