3 0.260884 0.166858 0.148417 0.212156
3 0.737797 0.772362 0.148417 0.212156
3 0.739446 0.223624 0.142480 0.233945
3 0.489116 0.473624 0.139182 0.236239
3 0.282322 0.813647 0.142480 0.260321
4 0.262203 0.094037 0.128628 0.034404
4 0.737137 0.689220 0.128628 0.034404
4 0.739116 0.131881 0.128628 0.034404
4 0.489776 0.380734 0.128628 0.034404
4 0.283971 0.705275 0.128628 0.034404
5 0.262533 0.151376 0.129288 0.077982
5 0.737797 0.750573 0.127309 0.088303
5 0.738456 0.196674 0.128628 0.102064
5 0.489116 0.452408 0.128628 0.108945
5 0.282982 0.784977 0.127968 0.125000
6 0.262533 0.226491 0.130607 0.074541
6 0.738786 0.290138 0.129288 0.087156
6 0.738786 0.830849 0.130607 0.074541
6 0.487467 0.544151 0.130607 0.074541
6 0.284960 0.885894 0.130607 0.074541
7 0.357190 0.124427 0.012533 0.033257
7 0.750660 0.353784 0.018470 0.028670
7 0.310356 0.655390 0.020449 0.026376
7 0.572559 0.431766 0.017150 0.026376
7 0.750330 0.618693 0.012533 0.033257
7 0.501649 0.330849 0.012533 0.033257
7 0.646768 0.183486 0.015172 0.029817
7 0.252309 0.657683 0.012533 0.033257
7 0.398087 0.526950 0.016491 0.030963
7 0.274736 0.298739 0.012533 0.033257
