0 0.106903 0.200480 0.127517 0.159698
0 0.892138 0.845442 0.127517 0.159698
0 0.896932 0.516450 0.127517 0.159698
0 0.892138 0.249829 0.127517 0.159698
0 0.098274 0.682317 0.127517 0.159698
0 0.103068 0.381426 0.127517 0.159698
2 0.488974 0.495888 0.400767 0.890336
1 0.496165 0.179232 0.188878 0.096642
1 0.492330 0.864291 0.196548 0.097327
1 0.494727 0.748801 0.195590 0.100754
1 0.499041 0.638451 0.200384 0.099383
1 0.497124 0.520219 0.186961 0.097327
1 0.493289 0.407128 0.188878 0.097327
1 0.498562 0.292666 0.210930 0.098698
