3 0.394583 0.164714 0.137628 0.201823
3 0.565154 0.791016 0.136164 0.266927
3 0.755857 0.421224 0.141288 0.266927
3 0.500000 0.473958 0.136164 0.192708
3 0.229868 0.516276 0.139092 0.196615
4 0.229868 0.438802 0.134700 0.036458
4 0.758053 0.315755 0.139824 0.040365
4 0.499268 0.398438 0.134700 0.036458
4 0.394583 0.096354 0.134700 0.036458
4 0.566618 0.684896 0.134700 0.036458
5 0.564788 0.791016 0.133968 0.175781
5 0.756223 0.399089 0.131772 0.131510
5 0.501098 0.460286 0.131040 0.089844
5 0.230966 0.490234 0.135432 0.074219
5 0.393119 0.164062 0.133236 0.111979
6 0.500000 0.535807 0.133236 0.076823
6 0.393851 0.241536 0.136164 0.048177
6 0.756955 0.503255 0.131772 0.084635
6 0.564788 0.897786 0.136896 0.050781
7 0.312592 0.539714 0.023426 0.040365
7 0.421669 0.458333 0.021962 0.041667
7 0.584187 0.456380 0.023426 0.040365
7 0.674231 0.383464 0.023426 0.040365
7 0.557101 0.639974 0.023426 0.040365
7 0.766471 0.583984 0.023426 0.040365
6 0.230234 0.568359 0.135432 0.084635
