3 0.139327 0.196012 0.202944 0.218872
3 0.118297 0.708171 0.207150 0.252918
3 0.852787 0.410019 0.182965 0.251946
3 0.597792 0.370623 0.181914 0.264591
3 0.358570 0.359922 0.201893 0.243191
3 0.779180 0.152237 0.178759 0.174125
3 0.450578 0.091440 0.169295 0.180934
3 0.590957 0.813230 0.201893 0.297665
3 0.355941 0.701848 0.196635 0.185798
3 0.829653 0.676556 0.212408 0.211089
3 0.819664 0.896887 0.192429 0.184825
3 0.055205 0.387160 0.108307 0.066148
3 0.178759 0.386187 0.115668 0.064202
3 0.532072 0.569066 0.115668 0.064202
3 0.274448 0.875000 0.115668 0.071012
3 0.655100 0.567121 0.115668 0.064202
3 0.412723 0.873541 0.144059 0.071984
4 0.137750 0.109922 0.174553 0.023346
4 0.356993 0.255837 0.169295 0.021401
4 0.180336 0.373054 0.104101 0.026265
4 0.054154 0.371595 0.106204 0.023346
4 0.597792 0.255837 0.169295 0.021401
4 0.451630 0.014591 0.169295 0.021401
4 0.587802 0.693093 0.170347 0.026265
4 0.352787 0.630837 0.173502 0.026265
4 0.116719 0.601167 0.176656 0.027237
4 0.779706 0.079767 0.169295 0.027237
4 0.825973 0.597276 0.169295 0.027237
4 0.852261 0.303502 0.169295 0.027237
4 0.820715 0.840467 0.169295 0.027237
4 0.274448 0.859436 0.107256 0.026265
4 0.413775 0.857004 0.139853 0.029183
5 0.136172 0.166342 0.167192 0.089494
5 0.599369 0.341926 0.170347 0.146887
5 0.779180 0.138132 0.164038 0.097276
5 0.451630 0.071984 0.162986 0.095331
5 0.356993 0.343385 0.167192 0.151751
5 0.353312 0.703307 0.174553 0.120623
5 0.116719 0.688230 0.170347 0.148833
5 0.852261 0.406128 0.169295 0.179961
5 0.589380 0.765078 0.173502 0.127432
5 0.824921 0.660506 0.167192 0.089494
5 0.821767 0.898833 0.167192 0.089494
6 0.134595 0.253891 0.166141 0.085603
6 0.820189 0.956712 0.172450 0.030156
6 0.827550 0.734436 0.172450 0.056420
6 0.588328 0.891537 0.167192 0.129377
6 0.352787 0.777724 0.173502 0.034047
6 0.116193 0.789397 0.171399 0.061284
6 0.602524 0.458171 0.174553 0.087549
6 0.854890 0.510700 0.174553 0.035019
6 0.780231 0.210603 0.170347 0.055447
6 0.359096 0.445525 0.169295 0.064202
6 0.451630 0.145428 0.171399 0.063230
