0 0.503358 0.502066 0.944444 0.969421
1 0.065934 0.180992 0.064713 0.147107
1 0.946886 0.304132 0.064713 0.147107
1 0.066545 0.871074 0.064713 0.147107
1 0.067155 0.554545 0.064713 0.147107
2 0.397741 0.110331 0.165446 0.144628
2 0.679792 0.873140 0.165446 0.144628
2 0.398962 0.870661 0.165446 0.144628
2 0.681624 0.659091 0.165446 0.144628
2 0.402625 0.664050 0.165446 0.144628
2 0.534493 0.495455 0.165446 0.144628
2 0.690171 0.308678 0.165446 0.144628
2 0.402625 0.299587 0.165446 0.144628
2 0.688950 0.116116 0.165446 0.144628