0 0.500415 0.495883 0.999170 0.989936
1 0.034025 0.365965 0.066390 0.118939
1 0.044398 0.735590 0.067220 0.118939
1 0.953942 0.164684 0.067220 0.118939
1 0.963071 0.699909 0.067220 0.118939
2 0.485062 0.144556 0.171784 0.109790
2 0.293361 0.459286 0.171784 0.109790
2 0.684232 0.303751 0.171784 0.109790
2 0.287552 0.296432 0.171784 0.109790
2 0.685062 0.467521 0.171784 0.109790
2 0.288382 0.635865 0.171784 0.109790
2 0.675934 0.631290 0.171784 0.109790
2 0.678423 0.864593 0.171784 0.109790
2 0.293361 0.868253 0.171784 0.109790