0 0.518519 0.520570 0.885984 0.956329
1 0.118736 0.154114 0.087872 0.110759
1 0.126725 0.828165 0.087872 0.110759
1 0.902324 0.563608 0.087872 0.110759
1 0.900871 0.230696 0.087872 0.110759
2 0.268337 0.175633 0.115468 0.086709
2 0.339506 0.908544 0.115468 0.086709
2 0.341685 0.800316 0.115468 0.086709
2 0.414306 0.660443 0.115468 0.086709
2 0.631445 0.640190 0.115468 0.086709
2 0.314089 0.557278 0.115468 0.086709
2 0.340959 0.399684 0.115468 0.086709
2 0.341685 0.309177 0.115468 0.086709
2 0.455701 0.197152 0.115468 0.086709
2 0.542847 0.905380 0.115468 0.086709