8 0.323443 0.057407 0.129618 0.085185
8 0.617285 0.063889 0.133393 0.083333
8 0.817376 0.061111 0.133393 0.085185
12 0.471669 0.797704 0.274337 0.042222
12 0.572495 0.628222 0.474780 0.037778
12 0.211276 0.561926 0.220477 0.038519
12 0.210772 0.400074 0.224504 0.037778
12 0.473784 0.375259 0.272324 0.048889
12 0.209916 0.780222 0.225007 0.037778
11 0.818051 0.587037 0.020375 0.145503
11 0.818950 0.247354 0.019775 0.092593
11 0.619818 0.223986 0.019176 0.067019
11 0.617721 0.378483 0.019775 0.070547
11 0.619758 0.772046 0.024090 0.131393
11 0.329481 0.770723 0.018577 0.137566
11 0.327983 0.600529 0.019176 0.158730
11 0.330080 0.388360 0.016180 0.081129
11 0.331578 0.232275 0.014382 0.158730
10 0.474380 0.221781 0.272659 0.055556
10 0.211548 0.192681 0.222322 0.048501
10 0.209751 0.617284 0.224719 0.044092
10 0.474859 0.733862 0.271461 0.052910
10 0.573796 0.573986 0.472210 0.044974
16 0.504656 0.588889 0.957664 0.555556
11 0.092740 0.550292 0.024506 0.826511
9 0.092078 0.068226 0.066895 0.120858