8 0.385259 0.070045 0.126179 0.091318
8 0.585731 0.070997 0.123821 0.089415
8 0.803891 0.070045 0.116745 0.087513
9 0.168255 0.071394 0.070283 0.126323
10 0.279575 0.220166 0.204245 0.043376
10 0.486792 0.233864 0.184906 0.049464
10 0.695991 0.650806 0.208962 0.036527
12 0.488208 0.369416 0.183800 0.047889
12 0.277326 0.372631 0.206571 0.057730
12 0.695597 0.694027 0.208333 0.045659
12 0.375328 0.837628 0.406840 0.056439
13 0.605409 0.478939 0.025487 0.066279
13 0.604268 0.579523 0.023965 0.054619
16 0.510849 0.509512 0.936321 0.490833
11 0.806091 0.671995 0.013331 0.087678
11 0.585982 0.853969 0.015894 0.102567
11 0.585982 0.682252 0.017945 0.092641
11 0.584701 0.575963 0.015381 0.078580
11 0.584701 0.481253 0.013331 0.097604
11 0.586495 0.367354 0.015894 0.075271
11 0.584957 0.237739 0.014869 0.092641
11 0.387049 0.371490 0.013843 0.085197
11 0.388074 0.216399 0.010767 0.119110
11 0.167966 0.548336 0.019483 0.789270