8 0.356866 0.103704 0.137684 0.077778
8 0.663787 0.105556 0.143421 0.081481
8 0.880352 0.118519 0.134816 0.070370
11 0.360133 0.262458 0.019557 0.149832
11 0.878991 0.287795 0.021513 0.093434
11 0.879272 0.479461 0.022255 0.092929
11 0.663533 0.469613 0.014342 0.122054
11 0.663207 0.582323 0.016298 0.083165
11 0.878991 0.752357 0.021513 0.129630
11 0.358568 0.903030 0.018254 0.071717
11 0.360198 0.760101 0.020209 0.136364
11 0.106799 0.562795 0.023469 0.761616
11 0.071596 0.844276 0.000000 0.000000
9 0.110711 0.109007 0.092572 0.122054
16 0.510740 0.494781 0.958313 0.308081
10 0.234224 0.242778 0.236645 0.035185
10 0.619309 0.243704 0.499105 0.033333
10 0.767750 0.462037 0.193618 0.038889
10 0.385963 0.469907 0.538689 0.023148
10 0.619596 0.759722 0.504842 0.021296
10 0.231714 0.738889 0.238796 0.018519
12 0.235299 0.906944 0.235928 0.052778
12 0.620743 0.798611 0.499105 0.026852
12 0.771694 0.511574 0.198638 0.052778
12 0.385031 0.580370 0.535677 0.020370
12 0.235443 0.312315 0.234493 0.036111
12 0.620958 0.296111 0.499822 0.033333