9 0.051530 0.084687 0.046601 0.113248
8 0.252834 0.096795 0.117586 0.144587
8 0.411440 0.120157 0.144137 0.161396
8 0.569394 0.143803 0.146847 0.231481
8 0.735532 0.249786 0.156600 0.453419
10 0.233646 0.209552 0.351473 0.062378
10 0.489688 0.308480 0.152009 0.039961
10 0.575109 0.510429 0.318106 0.043860
10 0.833227 0.608382 0.185376 0.048733
11 0.052274 0.567544 0.025211 0.856335
12 0.591719 0.721832 0.653266 0.052632
12 0.149114 0.857310 0.198723 0.029240
12 0.484868 0.409942 0.157199 0.040936
11 0.257745 0.777875 0.040783 0.193957
11 0.409012 0.475536 0.027436 0.112086
11 0.411607 0.270858 0.026694 0.115984
11 0.569919 0.369786 0.028919 0.140351
11 0.738611 0.568129 0.017796 0.153021
11 0.927324 0.672027 0.027436 0.114035
8 0.923806 0.302827 0.152388 0.527680