9 0.059288 0.107407 0.068552 0.111111
8 0.275607 0.111111 0.178235 0.162963
8 0.504113 0.155556 0.150814 0.251852
8 0.715862 0.254630 0.159954 0.450000
8 0.923041 0.356481 0.123393 0.605556
11 0.277170 0.466554 0.019388 0.138047
11 0.276016 0.267845 0.017080 0.107183
11 0.503184 0.365208 0.022158 0.106622
11 0.717703 0.606061 0.020773 0.202020
11 0.921512 0.751627 0.016619 0.106622
11 0.057904 0.570885 0.027082 0.823251
10 0.165180 0.217236 0.205656 0.049858
10 0.389585 0.304487 0.215030 0.060541
10 0.497677 0.513255 0.425743 0.056530
10 0.816223 0.688694 0.195633 0.044834
12 0.389999 0.395224 0.214876 0.051657
12 0.489660 0.777875 0.847156 0.084795