8 0.335141 0.047803 0.122642 0.095605
8 0.525590 0.048780 0.109670 0.093649
8 0.716627 0.053037 0.126179 0.102163
11 0.719665 0.491453 0.019519 0.102016
11 0.529928 0.431197 0.013826 0.099814
11 0.529115 0.215128 0.018705 0.110089
11 0.521958 0.630899 0.013826 0.106420
11 0.335475 0.762126 0.016265 0.085870
11 0.334865 0.629798 0.013419 0.102750
11 0.335678 0.432445 0.013419 0.223848
11 0.334662 0.202505 0.014639 0.124768
11 0.116379 0.491746 0.014639 0.701196
10 0.225561 0.220486 0.202912 0.046238
10 0.430628 0.234945 0.174854 0.039632
10 0.526509 0.503679 0.369811 0.053636
16 0.495390 0.597148 0.865137 0.632713
12 0.226022 0.771982 0.203616 0.042568
12 0.428459 0.622569 0.171384 0.041149
12 0.432351 0.415334 0.180425 0.071656
9 0.116942 0.076919 0.069575 0.124156