9 0.234367 0.054398 0.060268 0.099537
8 0.452838 0.049653 0.131298 0.067361
8 0.775701 0.050116 0.124840 0.068287
11 0.777853 0.195602 0.025829 0.113426
11 0.779217 0.510556 0.020663 0.070988
11 0.779791 0.813889 0.024107 0.075926
11 0.448216 0.148444 0.016292 0.031111
11 0.449201 0.202862 0.015132 0.033109
11 0.451844 0.427083 0.022959 0.357253
11 0.231272 0.531467 0.025829 0.853732
16 0.510369 0.665895 0.905451 0.637346
10 0.340406 0.132379 0.200371 0.040965
10 0.344059 0.244052 0.212894 0.037598
10 0.615029 0.143547 0.314645 0.042649
10 0.614559 0.469641 0.315166 0.046577
10 0.340876 0.409540 0.212372 0.037037
10 0.339885 0.480808 0.210807 0.037037
10 0.615864 0.518631 0.320906 0.037037
10 0.339064 0.542815 0.216964 0.034074
10 0.336653 0.783259 0.210765 0.037037
10 0.349395 0.746963 0.212831 0.031111
10 0.344574 0.710296 0.222474 0.034815
10 0.341819 0.846963 0.218341 0.044444
10 0.617604 0.830667 0.318903 0.042963
10 0.614160 0.777704 0.314770 0.055556
12 0.617850 0.199405 0.309333 0.042989
12 0.340802 0.197553 0.205402 0.036376
12 0.342955 0.305688 0.209707 0.044974