8 0.273488 0.056481 0.122301 0.087037
8 0.442926 0.056481 0.107013 0.079630
8 0.614912 0.053704 0.129945 0.074074
8 0.789446 0.053704 0.109561 0.081481
8 0.935315 0.057407 0.113383 0.081481
9 0.084941 0.062037 0.066246 0.109259
12 0.506625 0.870370 0.843367 0.033333
12 0.436556 0.777778 0.698135 0.055556
11 0.935080 0.830000 0.013759 0.104444
11 0.790612 0.734815 0.014268 0.111111
11 0.613276 0.586667 0.019364 0.210370
11 0.273381 0.436074 0.017326 0.150370
11 0.441035 0.334222 0.014268 0.108148
11 0.272871 0.233407 0.014268 0.108889
11 0.082132 0.554148 0.017836 0.867407
10 0.355017 0.270000 0.152876 0.055556
10 0.178495 0.175185 0.176317 0.054074
10 0.442207 0.489630 0.327665 0.057778
10 0.701332 0.675407 0.162049 0.048889
10 0.862464 0.772667 0.129435 0.039259
12 0.357337 0.365873 0.156971 0.054233