8 0.359429 0.107407 0.148367 0.096296
8 0.605240 0.107407 0.147109 0.096296
8 0.874941 0.104630 0.150882 0.101852
12 0.219863 0.346296 0.259013 0.048148
12 0.346209 0.522710 0.503600 0.038012
10 0.344341 0.460185 0.502938 0.057407
10 0.226150 0.273148 0.256499 0.057407
10 0.483277 0.692593 0.770753 0.066667
9 0.094129 0.103704 0.138308 0.162963
11 0.879742 0.693796 0.023261 0.112037
11 0.605829 0.499259 0.025147 0.198148
11 0.356246 0.314167 0.022632 0.226852
11 0.086585 0.520648 0.027662 0.636481