8 0.227830 0.193571 0.115566 0.114118
8 0.401769 0.194628 0.114387 0.112005
8 0.574528 0.192515 0.113208 0.116232
8 0.731958 0.191458 0.116745 0.118345
9 0.088679 0.138626 0.073113 0.270503
16 0.516745 0.525360 0.610849 0.536778
11 0.731368 0.650044 0.028302 0.672030
11 0.089858 0.652158 0.023585 0.680483
11 0.400506 0.400532 0.010703 0.085364
11 0.401680 0.532197 0.008353 0.072204
11 0.576110 0.679511 0.007370 0.073085
11 0.399715 0.675549 0.011301 0.177869
10 0.164558 0.313822 0.130789 0.048990
10 0.313036 0.385386 0.172599 0.042266
10 0.314054 0.513817 0.168846 0.029778
10 0.314054 0.554642 0.169919 0.026897
10 0.308694 0.652142 0.167774 0.029778
10 0.491745 0.667992 0.162950 0.030739
10 0.487993 0.704014 0.164022 0.033621
10 0.312071 0.427364 0.173671 0.031700
10 0.566315 0.746861 0.314928 0.034807