8 0.477161 0.071502 0.101168 0.123457
8 0.635098 0.074074 0.101610 0.114198
8 0.789943 0.074846 0.097634 0.115741
12 0.711639 0.423006 0.132127 0.033476
12 0.555044 0.738248 0.132127 0.042023
12 0.396982 0.769587 0.137020 0.039174
13 0.710721 0.614886 0.130292 0.087607
13 0.711639 0.499929 0.127233 0.079060
13 0.709498 0.277350 0.126621 0.084046
10 0.712251 0.369444 0.126010 0.033476
10 0.555044 0.213818 0.129680 0.048433
10 0.393556 0.175356 0.141914 0.035613
16 0.518608 0.827778 0.841329 0.314815
9 0.309209 0.076279 0.065889 0.119048