8 0.332914 0.076818 0.113797 0.083676
8 0.623123 0.078532 0.177711 0.091221
8 0.928454 0.085597 0.113278 0.082305
9 0.045715 0.082407 0.044895 0.127778
10 0.189698 0.197746 0.273276 0.043478
10 0.188920 0.380247 0.274984 0.049383
10 0.188667 0.614746 0.274880 0.048697
10 0.189706 0.788203 0.277998 0.057613
10 0.477844 0.385926 0.274984 0.051852
10 0.478546 0.448889 0.270775 0.050000
10 0.632733 0.208519 0.578028 0.051852
10 0.631330 0.618796 0.583640 0.043519
10 0.634838 0.802593 0.569610 0.027778
11 0.928833 0.824074 0.018940 0.118519
11 0.929534 0.650741 0.017537 0.105556
11 0.929183 0.464722 0.025254 0.193519
11 0.927079 0.253056 0.012627 0.115741
11 0.622492 0.458796 0.023851 0.189815
11 0.617230 0.658704 0.020343 0.120370
11 0.615827 0.825926 0.016134 0.112963
11 0.335371 0.827222 0.017537 0.114815
11 0.335933 0.651204 0.014731 0.112037
11 0.332425 0.462500 0.017537 0.199074
11 0.335582 0.257222 0.018239 0.105556
11 0.041447 0.571759 0.018940 0.834259
12 0.188058 0.248519 0.270074 0.044444
12 0.191215 0.445741 0.269372 0.038889
12 0.631181 0.510185 0.579412 0.031481
12 0.779625 0.393889 0.286208 0.038889
12 0.771208 0.453611 0.289014 0.025000
12 0.191215 0.675000 0.274984 0.046296
12 0.185603 0.841204 0.265163 0.037963
12 0.631050 0.247500 0.573819 0.030556
12 0.630489 0.679815 0.572136 0.035185
12 0.634487 0.847222 0.578169 0.035185