8 0.228420 0.190657 0.119104 0.122054
8 0.405307 0.190657 0.116745 0.122054
8 0.578656 0.195918 0.121462 0.119949
8 0.731958 0.190657 0.119104 0.130471
8 0.898821 0.192762 0.117925 0.126262
9 0.099292 0.138048 0.075472 0.265151
10 0.162998 0.309187 0.138889 0.041308
10 0.162561 0.354003 0.132774 0.035852
10 0.315950 0.378164 0.172082 0.048323
10 0.490217 0.418692 0.172956 0.046764
10 0.334271 0.481093 0.485305 0.055037
16 0.510259 0.733585 0.963443 0.454544
10 0.489539 0.571914 0.173083 0.054985
10 0.566669 0.650627 0.326398 0.041336
10 0.411725 0.696172 0.640499 0.044342
10 0.566796 0.738109 0.334906 0.038330
10 0.647911 0.777942 0.488713 0.042839
10 0.488839 0.843478 0.173096 0.048851
10 0.317006 0.866400 0.175623 0.042087
10 0.315111 0.921264 0.171833 0.055616