8 0.330642 0.108636 0.091255 0.047704
8 0.535786 0.114315 0.097515 0.090865
8 0.739886 0.106743 0.089351 0.056033
8 0.909244 0.120752 0.090258 0.074964
11 0.910314 0.791638 0.030062 0.137055
11 0.740173 0.509687 0.022799 0.125343
11 0.535967 0.475759 0.023192 0.305811
11 0.324686 0.488198 0.029481 0.629997
11 0.070951 0.589916 0.023585 0.754684
9 0.068812 0.129091 0.063818 0.156341
10 0.199917 0.346231 0.238624 0.037059
10 0.433824 0.399503 0.195616 0.032426
10 0.638873 0.467019 0.183130 0.163290