8 0.429262 0.097222 0.127976 0.101852
8 0.897569 0.095370 0.198292 0.090741
10 0.240076 0.253140 0.362588 0.064412
10 0.238180 0.458052 0.360754 0.061997
10 0.239098 0.712963 0.363811 0.060386
10 0.663258 0.751530 0.452471 0.056361
10 0.662647 0.505878 0.451248 0.058776
10 0.662219 0.298595 0.453082 0.055484
11 0.431458 0.321502 0.021095 0.155350
11 0.426692 0.526235 0.025001 0.167695
11 0.425520 0.778292 0.021095 0.132716
11 0.898671 0.817901 0.021095 0.120988
11 0.896718 0.579630 0.025001 0.125514
11 0.897109 0.365226 0.016407 0.172840
11 0.048468 0.585391 0.021095 0.825103
9 0.048078 0.106481 0.071879 0.122428
12 0.241057 0.326132 0.362520 0.055556
12 0.240276 0.563477 0.364083 0.052469
12 0.239885 0.806070 0.364864 0.056584
12 0.663502 0.809156 0.453931 0.054527
12 0.661549 0.575103 0.448462 0.072016
12 0.664283 0.364918 0.453931 0.050412