8 0.283844 0.159796 0.095519 0.098281
8 0.494340 0.162631 0.099057 0.092611
8 0.681840 0.159796 0.096698 0.098281
8 0.934198 0.158851 0.117925 0.092611
9 0.063915 0.152236 0.068396 0.162542
11 0.282842 0.267672 0.024175 0.048196
11 0.494222 0.270034 0.025943 0.039690
11 0.494811 0.418874 0.022406 0.036855
11 0.283726 0.359338 0.020047 0.040636
11 0.282842 0.476236 0.017099 0.043471
11 0.284021 0.638967 0.021816 0.037800
11 0.681545 0.548813 0.022995 0.045361
11 0.682724 0.420480 0.025354 0.037422
11 0.681840 0.271357 0.024764 0.039690
11 0.495157 0.475238 0.019794 0.037395
11 0.493683 0.549624 0.017689 0.038475
11 0.495578 0.628802 0.020637 0.052381
11 0.682193 0.635350 0.022743 0.038475
11 0.680088 0.748953 0.017689 0.029970
11 0.681140 0.713043 0.016425 0.027000
11 0.934468 0.818277 0.022743 0.037125
11 0.934678 0.633190 0.015583 0.039825
11 0.935521 0.550366 0.022321 0.032400
11 0.935521 0.420629 0.018952 0.037800
11 0.935099 0.749156 0.018110 0.034425
11 0.934468 0.711693 0.021058 0.031050
11 0.935310 0.273815 0.019373 0.034425
11 0.064971 0.601250 0.023023 0.712989
10 0.377594 0.701287 0.603774 0.028350
10 0.805071 0.723968 0.237028 0.051031
10 0.388797 0.453694 0.204009 0.058591
10 0.278538 0.523625 0.415094 0.043471
10 0.175354 0.266582 0.196934 0.047251
10 0.178302 0.416839 0.209906 0.037800
12 0.277358 0.604896 0.415094 0.032130
12 0.498467 0.791064 0.847877 0.060481
12 0.177712 0.336513 0.192217 0.054811