8 0.357547 0.179489 0.139151 0.137528
8 0.608137 0.178324 0.133255 0.144521
8 0.919458 0.184151 0.130896 0.132866
10 0.480189 0.459208 0.235849 0.072261
10 0.764976 0.621211 0.284198 0.097901
10 0.761439 0.489511 0.293632 0.109556
10 0.226651 0.434732 0.235849 0.111887
9 0.098703 0.173662 0.069575 0.223775
11 0.095755 0.597901 0.030660 0.610718
11 0.355778 0.636363 0.024764 0.454542
11 0.608726 0.601398 0.037736 0.347317
11 0.912972 0.559440 0.021226 0.268063
12 0.482547 0.604894 0.235849 0.069930
12 0.227830 0.653845 0.240566 0.093239