8 0.088145 0.102208 0.102616 0.087607
8 0.304998 0.102066 0.096993 0.097578
8 0.540687 0.102707 0.143850 0.078348
8 0.775204 0.100570 0.094650 0.068376
8 0.938499 0.102350 0.099805 0.079060
10 0.195848 0.203241 0.205279 0.060185
10 0.421837 0.231481 0.222335 0.048148
10 0.420924 0.281481 0.221726 0.046296
10 0.429052 0.390123 0.682232 0.033951
10 0.859306 0.445679 0.152284 0.049383
12 0.431083 0.445833 0.680202 0.057099
12 0.315855 0.333179 0.445685 0.032407
11 0.941392 0.362741 0.017543 0.326667
11 0.773660 0.448667 0.020467 0.141481
11 0.539898 0.285333 0.020759 0.139259
11 0.303358 0.267185 0.018030 0.100000
11 0.087529 0.590667 0.017543 0.746963
10 0.743729 0.293580 0.382537 0.074074