9 0.215013 0.199074 0.135844 0.224074
8 0.520305 0.196296 0.183032 0.192593
8 0.852765 0.175000 0.158723 0.198148
11 0.232888 0.575397 0.020019 0.508466
11 0.518840 0.572928 0.017023 0.517637
11 0.855488 0.581129 0.018385 0.499471
10 0.688662 0.390540 0.320714 0.043162
10 0.376186 0.346737 0.273731 0.033510
12 0.377856 0.579835 0.273277 0.043896
12 0.689212 0.574691 0.326767 0.022634
12 0.690271 0.671674 0.323589 0.019890
12 0.375685 0.708093 0.276984 0.063649
16 0.505503 0.638552 0.907360 0.301347