9 0.170979 0.112963 0.119492 0.222222
8 0.486383 0.106481 0.213974 0.205556
8 0.822629 0.102778 0.163954 0.201852
16 0.482215 0.590741 0.897581 0.574074
11 0.189643 0.504031 0.016959 0.530501
11 0.480140 0.501961 0.017981 0.533769
11 0.823169 0.507952 0.020433 0.526144
10 0.339052 0.266865 0.282851 0.042989
10 0.653365 0.315410 0.333467 0.027116
10 0.649891 0.560119 0.333467 0.027116
10 0.334691 0.528991 0.281243 0.021711
12 0.334835 0.471648 0.285555 0.035760
12 0.336752 0.692018 0.277889 0.027458
12 0.653497 0.650830 0.329155 0.025543
12 0.654216 0.411941 0.329634 0.015964