8 0.356958 0.143743 0.126179 0.076480
8 0.581936 0.127364 0.128756 0.068140
8 0.856962 0.128045 0.090409 0.071060
9 0.145283 0.209579 0.073113 0.191862
16 0.493160 0.762824 0.903302 0.394236
10 0.247017 0.355649 0.203246 0.074209
10 0.470727 0.293035 0.205327 0.078847
10 0.606548 0.732570 0.484184 0.034013
12 0.465941 0.655114 0.206021 0.026282
12 0.466981 0.859344 0.209489 0.043289
12 0.239456 0.897995 0.208102 0.034013
12 0.641648 0.458460 0.105438 0.193253
11 0.579564 0.579668 0.020117 0.664481
11 0.357103 0.586471 0.022198 0.684889