9 0.040805 0.085957 0.049239 0.127469
8 0.403813 0.083532 0.114053 0.091931
8 0.679148 0.105225 0.117067 0.115476
16 0.515806 0.402189 0.937453 0.338384
10 0.220823 0.169516 0.350081 0.039886
10 0.541902 0.208689 0.262426 0.047009
12 0.223799 0.341382 0.347592 0.072507
12 0.224232 0.479986 0.344130 0.079060
12 0.541145 0.497792 0.257015 0.046296
12 0.541469 0.348860 0.258530 0.060399
13 0.707258 0.337892 0.042746 0.062678
11 0.680474 0.495655 0.024890 0.060541
11 0.678580 0.304487 0.018938 0.217236
11 0.403547 0.352350 0.016233 0.053419
11 0.403006 0.494231 0.016233 0.061966
11 0.403818 0.222507 0.020020 0.156695
11 0.039560 0.574573 0.018938 0.833761