8 0.288915 0.109825 0.114867 0.064005
8 0.497161 0.111373 0.127096 0.062972
8 0.695973 0.104147 0.100891 0.081555
8 0.859102 0.110857 0.098707 0.070199
9 0.079140 0.218220 0.058526 0.185820
12 0.593857 0.726201 0.192431 0.043077
12 0.593321 0.469642 0.191359 0.049411
12 0.294114 0.762689 0.388615 0.053212
12 0.297063 0.566057 0.388079 0.088687
11 0.857097 0.279218 0.025729 0.190044
11 0.858617 0.538134 0.021142 0.294658
11 0.495646 0.529127 0.019956 0.574614
11 0.287101 0.490747 0.020864 0.641938
10 0.396408 0.299281 0.181422 0.068611
10 0.599601 0.335730 0.186865 0.085763
10 0.678520 0.558715 0.357402 0.034305
10 0.196571 0.269264 0.171444 0.055746
11 0.697256 0.514999 0.030017 0.589135
16 0.512618 0.658877 0.954009 0.568611