9 0.205690 0.097222 0.109754 0.183333
8 0.509625 0.088889 0.217820 0.162963
8 0.848174 0.094444 0.155344 0.174074
11 0.220309 0.346011 0.022081 0.306268
11 0.508513 0.560185 0.018574 0.764815
11 0.847063 0.537500 0.018574 0.680556
10 0.675296 0.287500 0.325823 0.026852
10 0.362918 0.248422 0.280170 0.026063
10 0.678360 0.748903 0.322696 0.028121
10 0.369610 0.790878 0.278294 0.029492
12 0.677283 0.400192 0.325478 0.038953
12 0.674954 0.548978 0.324314 0.050447
12 0.362519 0.677522 0.275405 0.030651
12 0.363005 0.588947 0.282200 0.025915
12 0.363976 0.882407 0.275230 0.029630
12 0.676522 0.855556 0.336017 0.031481
12 0.366965 0.436656 0.276124 0.029956
16 0.506189 0.605128 0.805298 0.253561
16 0.511385 0.651852 0.945575 0.692308