9 0.109528 0.126318 0.071698 0.194000
16 0.508491 0.625431 0.964623 0.704804
8 0.357547 0.098620 0.160377 0.066897
8 0.614033 0.098620 0.178066 0.076453
8 0.924764 0.099815 0.110849 0.074064
11 0.357311 0.310146 0.031166 0.290113
11 0.610446 0.569715 0.026663 0.673182
11 0.927018 0.604616 0.024895 0.330590
11 0.928328 0.302608 0.024022 0.218564
10 0.240086 0.268364 0.215321 0.070790
10 0.486373 0.348887 0.240217 0.030086
10 0.770528 0.391273 0.300489 0.068135
12 0.394432 0.676838 0.413761 0.046745
12 0.392637 0.750591 0.415299 0.063365
12 0.392176 0.871088 0.411095 0.048822
12 0.766766 0.640689 0.295837 0.062949
12 0.768560 0.548758 0.293273 0.037396
12 0.767535 0.469292 0.292248 0.040512