9 0.054363 0.161169 0.108726 0.265823
10 0.191274 0.386744 0.254717 0.039312
10 0.483726 0.448520 0.304245 0.050544
10 0.777358 0.511232 0.257075 0.052416
8 0.322759 0.195801 0.168632 0.226511
8 0.635259 0.200481 0.220519 0.217152
8 0.911203 0.181761 0.147406 0.224640
12 0.343986 0.597344 0.576651 0.048672
12 0.483726 0.694688 0.849057 0.037440
11 0.323575 0.399626 0.012818 0.202664
11 0.640433 0.466367 0.019996 0.321495
11 0.912685 0.513248 0.017945 0.436094
11 0.052214 0.515417 0.017689 0.437839