9 0.051960 0.105057 0.058459 0.103276
8 0.272259 0.096296 0.100092 0.074074
8 0.454249 0.095336 0.098399 0.072702
8 0.659469 0.092936 0.122198 0.076132
8 0.848257 0.094307 0.119910 0.070645
11 0.846884 0.477641 0.014645 0.098765
11 0.661711 0.322016 0.020137 0.189986
11 0.453654 0.262689 0.015561 0.083676
11 0.453883 0.450274 0.014188 0.198217
11 0.454799 0.635117 0.016018 0.048011
11 0.274110 0.265981 0.018764 0.078189
11 0.048433 0.577641 0.015744 0.844718
10 0.161112 0.268244 0.208698 0.050069
10 0.365324 0.269273 0.164761 0.048011
10 0.558690 0.268176 0.193594 0.048011
10 0.650224 0.454595 0.382154 0.035665
12 0.560853 0.622861 0.196009 0.045977
12 0.558509 0.383972 0.194731 0.046616
12 0.650185 0.502279 0.376416 0.039886
12 0.248390 0.621111 0.382081 0.045185
12 0.251850 0.506222 0.391967 0.040000
16 0.709082 0.578704 0.546183 0.820370