8 0.386467 0.116982 0.104099 0.075690
8 0.559735 0.116982 0.103692 0.073464
8 0.731173 0.118095 0.113452 0.066786
16 0.513797 0.643877 0.956368 0.577342
9 0.146276 0.174440 0.041765 0.182918
10 0.281103 0.290378 0.193101 0.078009
10 0.472976 0.317277 0.160181 0.078009
10 0.558274 0.514991 0.337068 0.051110
10 0.642689 0.637134 0.502808 0.036891
12 0.267857 0.874660 0.221530 0.057642
12 0.471319 0.787044 0.160462 0.039197
12 0.472583 0.740354 0.157935 0.040350
12 0.469575 0.458238 0.160849 0.036153
12 0.557170 0.566052 0.329245 0.037444
11 0.383602 0.544950 0.016648 0.731040
11 0.558060 0.576280 0.015954 0.607618
11 0.730785 0.582926 0.015954 0.605719
11 0.902816 0.658878 0.022891 0.336089
8 0.902123 0.132719 0.076998 0.075952