9 0.197926 0.228704 0.102485 0.238889
11 0.830923 0.655556 0.020192 0.522222
11 0.497067 0.651852 0.016627 0.570370
11 0.208174 0.640580 0.015373 0.555878
8 0.513707 0.223148 0.190878 0.209259
8 0.835254 0.191667 0.165257 0.209259
8 0.355913 0.396457 0.275707 0.037037
8 0.662644 0.437681 0.316366 0.035427
16 0.496413 0.713889 0.891618 0.353704
12 0.663098 0.605342 0.319773 0.037749
12 0.663098 0.761467 0.321743 0.059117
12 0.353081 0.814103 0.273457 0.029915
12 0.353820 0.653989 0.273950 0.035613