9 0.129953 0.133631 0.082547 0.241095
16 0.491391 0.702094 0.928066 0.338005
8 0.275000 0.125339 0.160377 0.205603
8 0.470165 0.126521 0.126179 0.203239
8 0.695991 0.129935 0.155660 0.191158
8 0.898231 0.120630 0.114387 0.200912
11 0.130503 0.559055 0.011792 0.458553
11 0.270375 0.356830 0.009827 0.260004
11 0.469078 0.376527 0.013103 0.299399
11 0.701979 0.445467 0.012448 0.445159
11 0.901664 0.501933 0.012448 0.552837
10 0.200275 0.390446 0.135613 0.026263
10 0.369628 0.456104 0.188679 0.028889
10 0.586412 0.506004 0.223401 0.036768
10 0.801232 0.572449 0.191300 0.042021
12 0.416779 0.649563 0.560984 0.030390
12 0.520300 0.734824 0.753201 0.021948