8 0.056698 0.115828 0.092453 0.126650
8 0.176038 0.115828 0.093396 0.117683
8 0.310000 0.110785 0.091509 0.116563
8 0.440896 0.105741 0.087264 0.117683
8 0.644057 0.113026 0.096226 0.121046
8 0.797123 0.109104 0.100472 0.128891
8 0.927453 0.106302 0.092453 0.130012
11 0.927340 0.563080 0.020864 0.620747
11 0.796698 0.560460 0.022406 0.610833
11 0.645401 0.557238 0.023585 0.603828
11 0.442689 0.559059 0.024764 0.605229
11 0.311498 0.556257 0.024175 0.608031
11 0.179068 0.554856 0.025354 0.613635
11 0.056998 0.556315 0.019494 0.600069
10 0.116786 0.320533 0.103286 0.026087
10 0.183393 0.408553 0.232596 0.023189
10 0.184694 0.443820 0.233572 0.024155
10 0.249349 0.492613 0.364509 0.021256
10 0.251708 0.555513 0.365973 0.027633
10 0.352188 0.626335 0.566932 0.017392
10 0.247856 0.675217 0.358919 0.012384
10 0.350129 0.745442 0.566038 0.025473
10 0.426244 0.824407 0.711835 0.020378
10 0.495390 0.782378 0.856561 0.017831