10 0.667442 0.570370 0.372521 0.062963
10 0.665522 0.645370 0.360999 0.046296
10 0.668402 0.714815 0.359079 0.044444
10 0.286281 0.809259 0.355239 0.040741
10 0.285321 0.195370 0.353318 0.046296
13 0.591594 0.292593 0.205462 0.125926
13 0.588714 0.446296 0.203542 0.133333
11 0.867098 0.648064 0.026790 0.200168
11 0.472176 0.539562 0.022693 0.765993
11 0.095990 0.543098 0.027930 0.750842
9 0.090753 0.074916 0.129178 0.146465
8 0.468685 0.089226 0.235662 0.111111
8 0.862328 0.087542 0.233916 0.114478
12 0.284520 0.857071 0.349129 0.038721