16 0.521462 0.759432 0.933962 0.382916
9 0.164741 0.139741 0.086085 0.231109
8 0.299175 0.125014 0.126179 0.160870
8 0.490802 0.129545 0.132075 0.174465
8 0.691274 0.135210 0.117925 0.199388
8 0.902948 0.131811 0.116745 0.174465
11 0.299764 0.616319 0.023585 0.767362
11 0.489623 0.633312 0.025943 0.733375
11 0.690684 0.661635 0.022406 0.676730
11 0.914741 0.774159 0.024764 0.135947
10 0.219575 0.307409 0.136792 0.040784
10 0.809788 0.454684 0.213443 0.045316
10 0.609906 0.728844 0.591981 0.036252
10 0.401179 0.391243 0.179245 0.040784
10 0.592807 0.418432 0.180425 0.045316
12 0.605189 0.799083 0.582547 0.040784
10 0.811068 0.538911 0.213949 0.047743