11 0.635386 0.494362 0.035831 0.187962
11 0.400218 0.291363 0.035377 0.090222
11 0.398790 0.516799 0.018008 0.142711
11 0.399764 0.702436 0.023585 0.148490
11 0.634479 0.889269 0.018596 0.093981
11 0.755959 0.706195 0.019105 0.233072
8 0.402024 0.145438 0.118907 0.146610
8 0.636891 0.128130 0.083530 0.111994
8 0.761694 0.138311 0.077634 0.185299
10 0.221417 0.289525 0.322889 0.072141
10 0.513926 0.469879 0.210018 0.055851
10 0.513926 0.530384 0.212264 0.032580
10 0.577718 0.639993 0.340296 0.039561
10 0.847204 0.677809 0.165656 0.038398
11 0.937893 0.770313 0.020216 0.346744
10 0.491184 0.892721 0.859726 0.044216
8 0.938226 0.136318 0.095247 0.099620
16 0.535468 0.476905 0.390965 0.265026