10 0.313620 0.170096 0.252798 0.032922
10 0.315034 0.272497 0.245446 0.029492
10 0.315543 0.361454 0.248273 0.037037
10 0.314694 0.490741 0.248839 0.044582
10 0.758093 0.691255 0.159483 0.040123
10 0.649085 0.784362 0.380893 0.028807
10 0.517681 0.724177 0.653881 0.036008
10 0.558485 0.605658 0.207837 0.042181
12 0.423056 0.870370 0.476169 0.039095
12 0.316546 0.301955 0.246859 0.031893
12 0.313577 0.204733 0.254494 0.028807
16 0.484272 0.725926 0.792495 0.359259
11 0.851348 0.746296 0.017925 0.129630
11 0.667448 0.750725 0.013942 0.293076
11 0.446503 0.426087 0.017925 0.562319
11 0.180492 0.517340 0.018046 0.742424
16 0.479671 0.676936 0.867594 0.563973
9 0.184985 0.074074 0.070959 0.128540
9 0.446545 0.068627 0.085690 0.128540
9 0.667775 0.069717 0.079043 0.135076
8 0.852358 0.078431 0.148205 0.082789