11 0.912923 0.666721 0.023682 0.265959
11 0.733005 0.427914 0.020394 0.277868
11 0.504648 0.583894 0.014567 0.592628
11 0.294950 0.551554 0.019423 0.652639
11 0.061876 0.550036 0.018036 0.656141
9 0.057020 0.112570 0.077691 0.180964
9 0.293910 0.141757 0.144978 0.122589
9 0.506243 0.156935 0.139290 0.113249
9 0.730924 0.156351 0.138319 0.107411
9 0.907672 0.165108 0.129717 0.117919
10 0.180147 0.782137 0.218507 0.053705
10 0.178066 0.494929 0.215733 0.051370
10 0.178413 0.250920 0.219201 0.049035
10 0.401082 0.368255 0.192841 0.057208
10 0.619104 0.451148 0.210183 0.057208
10 0.619451 0.529955 0.213651 0.056041
10 0.708241 0.614016 0.389845 0.051370
12 0.707894 0.696559 0.387764 0.057208
12 0.402678 0.738589 0.194922 0.054873
12 0.175499 0.558209 0.216426 0.053705