11 0.218396 0.594424 0.021226 0.545325
11 0.064634 0.590067 0.016285 0.546570
11 0.445193 0.591810 0.016173 0.493283
11 0.674416 0.589693 0.016846 0.493034
11 0.910097 0.589693 0.017408 0.493034
10 0.793295 0.398331 0.219564 0.078437
10 0.560254 0.371314 0.213949 0.067232
10 0.331929 0.337076 0.211703 0.065987
10 0.141341 0.397833 0.138702 0.068477
8 0.218497 0.183687 0.153302 0.145669
8 0.446541 0.190535 0.148248 0.154384
8 0.673349 0.182442 0.149933 0.160610
8 0.909816 0.187422 0.142633 0.148159
9 0.063286 0.175594 0.108378 0.256477
12 0.489477 0.791525 0.830481 0.060135