11 0.857872 0.542593 0.038309 0.625926
11 0.475968 0.578348 0.051570 0.689459
11 0.092262 0.500712 0.052798 0.477208
9 0.092016 0.143875 0.084722 0.162393
8 0.470811 0.125356 0.159622 0.102564
8 0.858447 0.113960 0.136293 0.059829
10 0.286145 0.277447 0.331215 0.033730
10 0.673513 0.332606 0.342047 0.031085
10 0.674026 0.558333 0.344897 0.035714
10 0.674882 0.421230 0.347748 0.025794
10 0.673741 0.392791 0.348888 0.023148
10 0.284435 0.476455 0.331215 0.029101
10 0.285290 0.403108 0.331786 0.072090
10 0.282725 0.546098 0.331215 0.103836