9 0.112854 0.175574 0.102594 0.139872
10 0.372288 0.363042 0.161557 0.079649
10 0.586321 0.411609 0.191038 0.056337
10 0.195401 0.314475 0.135613 0.060223
10 0.796816 0.476688 0.163915 0.069936
8 0.276179 0.195001 0.134434 0.120445
8 0.471344 0.197915 0.140330 0.118503
8 0.681250 0.198886 0.145047 0.135987
8 0.891156 0.194030 0.145047 0.137929
12 0.500825 0.630159 0.753538 0.058280
11 0.893831 0.609464 0.035924 0.328209
11 0.697120 0.446791 0.034757 0.204491
11 0.470457 0.398224 0.035998 0.158481
11 0.275695 0.371743 0.033764 0.152551
11 0.108615 0.560693 0.032274 0.622063