9 0.066274 0.149835 0.063679 0.269358
8 0.216627 0.176771 0.130896 0.167002
8 0.444222 0.186198 0.133255 0.191244
8 0.669458 0.184852 0.133255 0.220873
8 0.897641 0.183505 0.150943 0.223567
10 0.142125 0.381582 0.136382 0.072609
10 0.331727 0.409338 0.212264 0.073781
10 0.555578 0.495532 0.208162 0.087834
10 0.785634 0.565800 0.219955 0.073781
10 0.786915 0.651291 0.218417 0.073781
12 0.559805 0.781381 0.671833 0.051948
11 0.066745 0.578886 0.020047 0.557570
11 0.217983 0.579559 0.017099 0.561611
11 0.443219 0.581579 0.018278 0.498312
11 0.669517 0.582253 0.019458 0.494271
11 0.901651 0.576192 0.017689 0.514473