10 0.568042 0.833180 0.692217 0.048543
10 0.301718 0.648238 0.155829 0.040978
10 0.303614 0.352096 0.154565 0.044130
10 0.484831 0.357054 0.154910 0.042124
10 0.660431 0.357054 0.145262 0.054159
8 0.925708 0.112937 0.143654 0.208613
8 0.748285 0.124972 0.140437 0.240708
8 0.578098 0.119456 0.140973 0.215634
8 0.395476 0.118954 0.139365 0.210619
8 0.212425 0.119957 0.138829 0.210619
11 0.392367 0.525450 0.025729 0.446312
11 0.574185 0.534476 0.028945 0.426253
11 0.746087 0.536081 0.027337 0.430265
11 0.208619 0.599768 0.026801 0.549616
11 0.924266 0.826826 0.026205 0.128712
16 0.406316 0.653371 0.797170 0.240262
12 0.477725 0.596370 0.509696 0.045356
9 0.080713 0.171131 0.111373 0.250069