0 0.516003 0.478195 0.878378 0.919878
1 0.153983 0.148073 0.056188 0.099391
1 0.156828 0.646045 0.056188 0.099391
1 0.832504 0.675456 0.056188 0.099391
1 0.831081 0.433063 0.056188 0.099391
1 0.831792 0.207911 0.056188 0.099391
1 0.150427 0.466531 0.056188 0.099391
1 0.155405 0.302231 0.056188 0.099391
1 0.153272 0.800203 0.056188 0.099391
2 0.538762 0.123225 0.087482 0.082150
2 0.468350 0.739858 0.087482 0.082150
2 0.415718 0.602941 0.087482 0.082150
2 0.378023 0.459939 0.087482 0.082150
2 0.408606 0.275355 0.087482 0.082150
2 0.368777 0.356491 0.087482 0.082150
2 0.507468 0.505578 0.087482 0.082150
2 0.554410 0.280426 0.087482 0.082150
2 0.455548 0.201318 0.084637 0.074037
2 0.518137 0.835193 0.088905 0.082150