0 0.513193 0.500000 0.517150 0.917431
1 0.290237 0.516628 0.035620 0.079128
1 0.710422 0.774656 0.035620 0.079128
1 0.714380 0.505161 0.035620 0.079128
1 0.290897 0.794151 0.035620 0.079128
2 0.496702 0.166858 0.076517 0.063073
2 0.499340 0.655390 0.076517 0.063073
2 0.497361 0.579702 0.076517 0.063073
2 0.496702 0.497133 0.076517 0.063073
2 0.493404 0.413417 0.076517 0.063073
2 0.497361 0.326261 0.076517 0.063073
2 0.499340 0.247133 0.076517 0.063073
2 0.500000 0.837729 0.076517 0.063073
2 0.498681 0.749427 0.076517 0.063073