0 0.506019 0.505636 0.645370 0.933977
1 0.225000 0.343800 0.035185 0.066023
1 0.780556 0.556361 0.035185 0.066023
1 0.227778 0.767311 0.035185 0.066023
2 0.450463 0.214976 0.106481 0.049919
2 0.592130 0.661031 0.106481 0.049919
2 0.478241 0.548309 0.106481 0.049919
2 0.477315 0.495169 0.106481 0.049919
2 0.444907 0.427536 0.106481 0.049919
2 0.447685 0.371176 0.106481 0.049919
2 0.447685 0.318035 0.106481 0.049919
2 0.444907 0.266506 0.106481 0.049919
2 0.593981 0.712560 0.106481 0.049919
2 0.417130 0.768921 0.106481 0.049919
2 0.593056 0.767311 0.106481 0.049919
2 0.416204 0.878422 0.106481 0.049919
2 0.411574 0.822061 0.106481 0.049919
2 0.593981 0.818841 0.106481 0.049919