0 0.293206 0.414564 0.053430 0.095183
0 0.307718 0.771216 0.048153 0.104358
0 0.705475 0.262041 0.048153 0.104358
2 0.515172 0.502867 0.249340 0.826835
1 0.448549 0.224771 0.076517 0.055046
1 0.588391 0.625000 0.076517 0.055046
1 0.556069 0.403670 0.076517 0.055046
1 0.587071 0.333716 0.076517 0.055046
1 0.587071 0.174312 0.076517 0.055046
1 0.447889 0.493119 0.076517 0.055046
1 0.446570 0.404817 0.076517 0.055046
1 0.445910 0.316514 0.076517 0.055046
1 0.564644 0.806193 0.076517 0.055046
1 0.449868 0.847477 0.076517 0.055046
1 0.447230 0.758028 0.076517 0.055046
1 0.447230 0.675459 0.076517 0.055046
1 0.445910 0.586009 0.076517 0.055046
