0 0.503241 0.503221 0.800926 0.925926
1 0.141204 0.394525 0.030556 0.077295
1 0.873611 0.626409 0.030556 0.077295
1 0.873611 0.190016 0.030556 0.077295
1 0.142130 0.734300 0.030556 0.077295
2 0.518981 0.207729 0.136111 0.061192
2 0.374537 0.674718 0.136111 0.061192
2 0.376389 0.599034 0.136111 0.061192
2 0.517130 0.536232 0.136111 0.061192
2 0.514352 0.455717 0.136111 0.061192
2 0.516204 0.389694 0.136111 0.061192
2 0.516204 0.283414 0.136111 0.061192
2 0.650463 0.824477 0.136111 0.061192
2 0.655093 0.748792 0.136111 0.061192
2 0.653241 0.673108 0.136111 0.061192
2 0.379167 0.806763 0.136111 0.061192