0 0.207784 0.397936 0.065963 0.144495
0 0.820251 0.467317 0.052111 0.127294
0 0.207454 0.722477 0.081135 0.133028
2 0.518470 0.487385 0.389182 0.708716
1 0.439974 0.293578 0.159631 0.073394
1 0.521108 0.756307 0.172823 0.081422
1 0.606860 0.641055 0.159631 0.073394
1 0.437995 0.668578 0.159631 0.073394
1 0.605541 0.541284 0.159631 0.073394
1 0.439314 0.582569 0.159631 0.073394
1 0.439974 0.481651 0.159631 0.073394
1 0.606201 0.434633 0.159631 0.073394
1 0.437995 0.391055 0.159631 0.073394
1 0.602243 0.327982 0.159631 0.073394
