0 0.266161 0.402523 0.066623 0.160550
0 0.745712 0.607798 0.066623 0.160550
0 0.736478 0.342890 0.066623 0.160550
0 0.260884 0.707569 0.066623 0.160550
2 0.509235 0.479358 0.331135 0.740826
1 0.510884 0.220183 0.087731 0.068807
1 0.594657 0.417431 0.087731 0.068807
1 0.597296 0.326835 0.087731 0.068807
1 0.413259 0.603211 0.087731 0.068807
1 0.412599 0.509174 0.087731 0.068807
1 0.411939 0.417431 0.087731 0.068807
1 0.413259 0.327982 0.087731 0.068807
1 0.414578 0.716743 0.087731 0.068807
1 0.596636 0.720183 0.087731 0.068807
1 0.589380 0.610092 0.087731 0.068807
1 0.595976 0.519495 0.087731 0.068807
