0 0.156481 0.413849 0.050000 0.106280
0 0.855556 0.539452 0.050000 0.106280
0 0.158333 0.734300 0.050000 0.106280
2 0.507407 0.503221 0.635185 0.867955
1 0.340278 0.217391 0.147222 0.051530
1 0.341204 0.352657 0.147222 0.051530
1 0.337500 0.285024 0.139815 0.054750
1 0.494907 0.566828 0.147222 0.051530
1 0.494907 0.479871 0.147222 0.051530
1 0.495833 0.811594 0.147222 0.051530
1 0.493981 0.731079 0.147222 0.051530
1 0.499537 0.652174 0.147222 0.051530
1 0.668981 0.737520 0.147222 0.051530
1 0.667130 0.648953 0.147222 0.051530
