0 0.338061 0.256881 0.032322 0.091743
0 0.679090 0.864679 0.034960 0.110092
0 0.667876 0.389908 0.038918 0.091743
0 0.325198 0.740826 0.029024 0.110092
2 0.500000 0.497706 0.241425 0.894495
1 0.500330 0.172018 0.075858 0.071101
1 0.500330 0.404817 0.075858 0.071101
1 0.500989 0.486239 0.075858 0.071101
1 0.500989 0.561927 0.075858 0.071101
1 0.499670 0.644495 0.075858 0.071101
1 0.499670 0.715596 0.075858 0.071101
1 0.501649 0.793578 0.075858 0.071101
1 0.500989 0.872706 0.075858 0.071101
1 0.499011 0.333716 0.075858 0.071101
1 0.499011 0.251147 0.075858 0.071101
