0 0.500258 0.500278 0.999485 0.999444
1 0.075000 0.560833 0.118041 0.218333
1 0.928093 0.536944 0.118041 0.218333
2 0.484536 0.153333 0.183505 0.112222
2 0.483505 0.152222 0.183505 0.112222
2 0.396392 0.659444 0.183505 0.112222
2 0.600000 0.607222 0.183505 0.112222
2 0.386598 0.539444 0.183505 0.112222
2 0.598454 0.427778 0.183505 0.112222
2 0.389175 0.429444 0.183505 0.112222
2 0.493299 0.278889 0.183505 0.112222
2 0.613402 0.749167 0.256701 0.110556
2 0.629897 0.881667 0.183505 0.112222
2 0.353093 0.791111 0.231959 0.112222
2 0.377577 0.903056 0.307732 0.103889