0 0.225264 0.622706 0.045515 0.089450
0 0.774077 0.854358 0.045515 0.089450
0 0.775726 0.748853 0.056728 0.107798
0 0.773417 0.623853 0.057388 0.091743
0 0.776385 0.481078 0.055409 0.120413
0 0.303100 0.672018 0.045515 0.089450
0 0.308377 0.553899 0.045515 0.114679
2 0.530343 0.494839 0.403694 0.833716
1 0.407652 0.318234 0.080475 0.076835
1 0.531003 0.833142 0.080475 0.076835
1 0.531662 0.731078 0.080475 0.076835
1 0.532322 0.632454 0.080475 0.076835
1 0.531003 0.528096 0.080475 0.076835
1 0.664908 0.415711 0.080475 0.076835
1 0.531662 0.417431 0.081794 0.073394
1 0.530343 0.318234 0.080475 0.076835
1 0.531003 0.210436 0.080475 0.076835
